pcm_RMSenergy_sma,pcm_fftMag_mfcc_sma[1],pcm_fftMag_mfcc_sma[2],pcm_fftMag_mfcc_sma[3],pcm_fftMag_mfcc_sma[4],pcm_fftMag_mfcc_sma[5],pcm_fftMag_mfcc_sma[6],pcm_fftMag_mfcc_sma[7],pcm_fftMag_mfcc_sma[8],pcm_fftMag_mfcc_sma[9],pcm_fftMag_mfcc_sma[10],pcm_fftMag_mfcc_sma[11],pcm_fftMag_mfcc_sma[12],pcm_zcr_sma,F0final_sma,voicingFinalUnclipped_sma,pcm_RMSenergy_sma_de,pcm_fftMag_mfcc_sma_de[1],pcm_fftMag_mfcc_sma_de[2],pcm_fftMag_mfcc_sma_de[3],pcm_fftMag_mfcc_sma_de[4],pcm_fftMag_mfcc_sma_de[5],pcm_fftMag_mfcc_sma_de[6],pcm_fftMag_mfcc_sma_de[7],pcm_fftMag_mfcc_sma_de[8],pcm_fftMag_mfcc_sma_de[9],pcm_fftMag_mfcc_sma_de[10],pcm_fftMag_mfcc_sma_de[11],pcm_fftMag_mfcc_sma_de[12],pcm_zcr_sma_de,F0final_sma_de,voicingFinalUnclipped_sma_de
1.151650e-03,-2.598671e+00,7.414935e+00,-5.496304e+00,-1.220483e+01,-9.595677e+00,-3.720024e+00,-2.330341e+00,2.686022e+00,2.990470e+00,1.505122e+00,-1.453410e+00,-9.139791e-01,4.956180e-02,5.612968e+01,6.758761e-01,5.976250e-05,1.082915e-01,-6.493028e-01,1.028996e+00,-1.842277e-01,-9.886137e-01,5.824312e-01,-5.753899e-02,-1.818429e+00,-5.487050e-01,-5.440795e-01,-1.073569e+00,5.978615e-01,-1.994560e-03,2.675028e+01,7.161182e-03
1.268830e-03,-2.432377e+00,6.364007e+00,-3.088675e+00,-1.240342e+01,-1.099656e+01,-2.905437e+00,-2.374588e+00,-4.516371e-01,1.383552e+00,1.013054e-01,-3.380660e+00,7.714224e-02,4.714415e-02,1.099896e+02,6.927810e-01,8.247360e-05,1.133394e-01,-8.123407e-01,1.411413e+00,-3.585922e-01,-1.592337e+00,8.177938e-01,-1.458480e-01,-2.804160e+00,-8.317025e-01,-9.586862e-01,-1.623581e+00,8.191729e-01,-4.925959e-03,3.122170e+01,8.447128e-03
1.391872e-03,-2.140361e+00,4.693884e+00,-1.555141e+00,-1.302667e+01,-1.383831e+01,-1.215162e+00,-2.595912e+00,-4.837295e+00,1.050404e+00,-5.133671e-01,-5.857628e+00,1.579768e+00,4.079782e-02,1.629511e+02,7.032296e-01,6.798356e-05,1.387154e-01,-8.743936e-01,1.186758e+00,-1.620006e-01,-2.140637e+00,1.072177e+00,-1.069877e-01,-2.692921e+00,-9.243878e-01,-9.868773e-01,-1.485377e+00,7.348641e-01,-6.739195e-03,2.495750e+01,6.773198e-03
1.443907e-03,-2.261129e+00,4.713757e+00,-4.098202e-01,-1.358687e+01,-1.543605e+01,-8.834864e-01,-2.926795e+00,-7.573118e+00,-1.980098e-01,-2.279065e+00,-7.369204e+00,1.935012e+00,2.931399e-02,1.588275e+02,7.044351e-01,1.964096e-05,2.327023e-01,-4.899813e-01,4.965570e-01,3.449712e-01,-1.685987e+00,7.145182e-01,-7.327159e-02,-1.067968e+00,-8.413456e-01,-7.751142e-01,-4.679036e-01,3.457355e-01,-6.134783e-03,-1.935857e+00,1.718432e-03
1.404029e-03,-1.990718e+00,3.868092e+00,-9.019428e-01,-1.242311e+01,-1.807911e+01,6.298842e-01,-2.589176e+00,-7.217844e+00,-8.406885e-01,-2.239080e+00,-6.886020e+00,1.831407e+00,2.478090e-02,1.564983e+02,7.039151e-01,-1.766054e-05,4.277114e-01,-2.404590e-02,-1.707315e-01,9.913602e-01,-6.039385e-01,-2.009178e-02,-2.740349e-01,6.044384e-01,-7.676932e-01,-3.276800e-01,3.643444e-01,3.287918e-01,-3.445149e-03,-2.781315e+01,-1.803625e-03
1.360956e-03,-1.343686e+00,4.326997e+00,-9.324887e-01,-1.098035e+01,-1.730609e+01,-2.553693e-01,-2.744314e+00,-4.601202e+00,-1.877630e+00,-2.911409e+00,-5.205982e+00,1.680000e+00,2.447869e-02,1.035367e+02,7.010304e-01,-4.590652e-05,5.321518e-01,4.157358e-01,-6.204637e-01,1.480770e+00,7.759369e-01,-8.564802e-01,-5.183306e-01,1.432757e+00,-4.944728e-01,8.054654e-02,8.432457e-01,3.074063e-01,5.587936e-10,-4.226225e+01,-7.392216e-03
1.345045e-03,-4.605251e-01,4.767034e+00,-2.147464e+00,-9.373134e+00,-1.592298e+01,-1.629679e+00,-4.057327e+00,-3.301061e+00,-1.948253e+00,-1.835595e+00,-5.117517e+00,3.351233e+00,2.598973e-02,5.153072e+01,6.959138e-01,-6.724623e-05,2.537669e-01,8.566019e-01,-7.495652e-01,1.548138e+00,1.846268e+00,-1.253791e+00,-3.782306e-01,1.509618e+00,-3.352577e-01,1.859222e-01,8.407210e-01,-1.776841e-02,1.934119e-03,-4.165333e+01,-5.511761e-02
1.243867e-03,-3.654668e-01,6.342964e+00,-2.889378e+00,-7.708003e+00,-1.263443e+01,-4.036106e+00,-4.784373e+00,-2.367727e+00,-2.116592e+00,-2.078075e+00,-4.037227e+00,2.712130e+00,2.870958e-02,0,6.714746e-01,-8.831189e-05,-7.753261e-02,9.867126e-01,-5.024542e-01,1.411122e+00,1.670313e+00,-6.404917e-01,2.255371e-01,1.430169e+00,2.390187e-01,2.430249e-01,7.218541e-01,-8.089833e-01,2.387428e-03,-2.586042e+01,-8.018827e-02
1.126343e-03,-1.210993e+00,7.143118e+00,-3.671324e+00,-6.318590e+00,-1.118360e+01,-3.748704e+00,-3.460299e+00,-7.864899e-01,-2.397496e+00,-1.726136e+00,-3.266793e+00,1.226500e+00,3.233605e-02,0,4.431050e-01,-8.921119e-05,-3.490148e-01,8.079154e-01,3.762548e-02,7.228645e-01,1.026718e+00,2.466174e-01,1.168761e+00,1.402064e+00,6.290685e-01,1.565310e-01,5.599291e-01,-1.280895e+00,1.964340e-03,-1.030614e+01,-1.209325e-01
1.028748e-03,-1.356115e+00,8.072518e+00,-2.682830e+00,-5.452007e+00,-1.132421e+01,-2.398315e+00,-1.915142e+00,1.292357e+00,-4.579147e-01,-1.751014e+00,-2.522073e+00,-1.302550e+00,3.324267e-02,0,4.264935e-01,-6.018976e-05,-3.171820e-01,3.862032e-01,2.326628e-01,-3.688812e-03,4.170795e-01,7.091693e-01,1.743593e+00,1.178587e+00,8.581387e-01,2.982644e-01,3.095710e-01,-8.360578e-01,6.044123e-04,0,-1.144829e-01
1.006548e-03,-1.710275e+00,7.941834e+00,-2.062611e+00,-6.886809e+00,-1.144450e+01,-1.215488e+00,3.518654e-01,1.879216e+00,3.677514e-01,-1.216470e+00,-3.075449e+00,-1.045904e+00,3.354488e-02,0,2.137419e-01,-3.603337e-05,-3.474327e-01,-5.147982e-02,-8.304663e-02,-4.558636e-01,6.491514e-01,6.350390e-01,1.697361e+00,8.194625e-01,8.307042e-01,2.931640e-01,1.498741e-01,1.765563e-01,-1.511022e-04,0,-1.098962e-01
1.002815e-03,-1.701736e+00,7.874622e+00,-2.530421e+00,-7.442337e+00,-1.041859e+01,-1.756867e+00,2.027508e+00,2.192358e+00,7.914782e-01,-8.415855e-01,-2.585044e+00,-3.319570e-01,3.112723e-02,0,2.137419e-01,-2.187048e-05,-5.890025e-01,-4.179796e-01,-8.442119e-01,-4.099491e-01,1.264490e+00,1.581221e-01,8.411821e-01,3.813297e-01,6.170782e-01,9.583880e-02,4.840031e-02,1.041824e+00,-9.066165e-05,0,-1.066729e-01
9.591426e-04,-2.775347e+00,6.984667e+00,-4.162762e+00,-7.602743e+00,-8.390656e+00,-8.942325e-01,3.055181e+00,2.860822e+00,1.131329e+00,-7.150305e-01,-2.485937e+00,1.623985e+00,3.263826e-02,0,0,-2.308512e-05,-8.684111e-01,-6.314408e-01,-1.124072e+00,1.246247e-02,1.463695e+00,1.335832e-01,-3.406961e-01,-3.876898e-02,6.692730e-01,-2.312090e-01,-6.825161e-02,9.882358e-01,4.533097e-04,0,-6.412257e-02
9.430980e-04,-3.768592e+00,6.461204e+00,-5.853813e+00,-7.143786e+00,-6.528687e+00,-1.768333e+00,9.391112e-01,2.708202e+00,2.245687e+00,-1.522540e+00,-2.574827e+00,2.571626e+00,3.324267e-02,0,0,-2.405374e-05,-1.004341e+00,-6.948968e-01,-9.219713e-01,1.245186e-01,9.895359e-01,-4.034474e-02,-1.563454e+00,-9.140933e-01,6.309768e-01,-1.175871e-01,-1.593730e-01,3.888302e-01,1.420369e-03,0,-4.274838e-02
9.209811e-04,-5.018902e+00,5.491339e+00,-6.021275e+00,-6.973772e+00,-6.070972e+00,-5.418394e-01,-8.074167e-01,1.427449e+00,2.987012e+00,-2.032037e+00,-3.421815e+00,2.443484e+00,3.475371e-02,0,0,-1.989811e-05,-7.209373e-01,-5.940725e-01,-4.462339e-01,5.263524e-01,7.064888e-01,-1.637443e-02,-1.656267e+00,-1.346767e+00,4.206867e-01,6.116813e-01,5.176027e-01,-2.284926e-01,1.118163e-03,0,0
9.016274e-04,-5.601663e+00,5.146802e+00,-6.211021e+00,-7.134229e+00,-6.630750e+00,-2.134788e+00,-3.858462e+00,-1.661422e+00,3.018520e+00,-7.710175e-01,-2.913970e+00,1.202445e+00,3.717135e-02,0,0,-1.815546e-05,-1.569180e-01,-4.383667e-01,-4.177513e-01,7.954293e-01,6.822518e-01,3.731374e-01,-7.556882e-01,-8.654374e-01,3.145595e-02,1.150305e+00,1.233650e+00,-2.876940e-01,5.137503e-04,0,0
8.803873e-04,-5.463497e+00,4.671505e+00,-6.215328e+00,-4.975759e+00,-4.807181e+00,-7.928771e-01,-2.827367e+00,-1.688202e+00,2.848346e+00,1.967615e+00,2.716479e-01,1.166112e+00,3.626474e-02,0,0,5.042156e-05,7.415422e-01,-3.797043e-01,-1.303882e+00,3.816121e-01,1.193100e+00,1.266444e+00,6.416262e-01,-4.150137e-02,-5.313910e-01,1.087997e+00,1.720760e+00,9.812023e-02,-1.057722e-03,1.100091e+01,4.969531e-02
8.726176e-04,-4.330885e+00,4.679287e+00,-7.845543e+00,-4.165646e+00,-3.749324e+00,2.228734e-01,-1.829355e+00,-6.115929e-02,2.472300e+00,2.229160e+00,1.746693e+00,1.771841e+00,3.505591e-02,0,0,1.984638e-04,1.562041e+00,-5.040165e-01,-2.656649e+00,-1.227489e+00,9.280617e-01,2.552540e+00,1.422413e+00,2.995970e-01,-5.816615e-01,4.819380e-01,1.400985e+00,5.689173e-01,-2.024782e-03,2.576887e+01,1.233835e-01
1.187594e-03,-1.946580e+00,3.826575e+00,-1.172342e+01,-6.550003e+00,-1.546184e+00,4.611549e+00,1.386161e+00,4.198105e-01,6.031665e-01,1.907861e+00,2.851653e+00,2.649387e+00,3.052282e-02,5.500457e+01,2.484765e-01,3.886133e-04,2.074004e+00,-7.174267e-01,-3.610669e+00,-3.419971e+00,3.276925e-02,2.908152e+00,7.973515e-01,-4.379067e-01,-4.849001e-01,5.316287e-02,9.206573e-01,3.776309e-01,-1.783017e-03,4.020099e+01,1.952575e-01
1.740343e-03,4.500808e-01,3.049185e+00,-1.674022e+01,-1.248455e+01,-3.620940e+00,7.925699e+00,1.146838e+00,-1.217443e+00,1.232803e+00,1.668549e+00,2.800951e+00,3.305394e+00,2.991840e-02,1.013420e+02,4.926791e-01,4.851390e-04,1.958754e+00,-7.120287e-01,-3.329156e+00,-4.082894e+00,-7.313806e-01,2.410641e+00,-1.789219e-01,-8.254638e-01,-1.227922e-01,1.175058e-01,1.052695e+00,-3.187131e-01,-1.329707e-03,3.811740e+01,1.956305e-01
2.389591e-03,2.516039e+00,1.899423e+00,-1.982133e+01,-1.791616e+01,-4.707527e+00,9.896470e+00,-3.287056e-01,-3.299594e+00,1.043594e+00,2.513735e+00,4.347806e+00,2.287491e+00,2.991840e-02,1.503339e+02,7.299480e-01,4.130564e-04,1.400771e+00,-3.130469e-01,-2.137995e+00,-3.086810e+00,-1.004057e+00,1.085659e+00,-1.037694e+00,-2.541669e-01,2.087079e-01,-6.384146e-03,9.482250e-01,-1.006122e+00,-7.857358e-04,2.187114e+01,1.241532e-01
2.697314e-03,3.231573e+00,2.082720e+00,-2.044237e+01,-1.889704e+01,-5.825556e+00,9.633619e+00,-1.866531e+00,-2.328776e+00,1.638125e+00,2.513752e+00,6.262089e+00,3.592237e-01,2.870958e-02,1.429223e+02,7.374168e-01,2.141981e-04,7.829942e-01,2.014747e-01,-9.601639e-01,-9.953726e-01,-3.777551e-01,6.830873e-02,-6.995092e-01,5.571774e-01,3.066705e-01,-5.201425e-01,6.266342e-01,-1.132295e+00,-8.159567e-04,7.231030e+00,5.521505e-02
2.774390e-03,3.666527e+00,2.744573e+00,-2.056233e+01,-1.877781e+01,-5.464159e+00,9.185883e+00,-2.295625e+00,-2.953575e-01,1.444045e+00,1.453339e+00,5.862209e+00,-9.081399e-01,2.719855e-02,1.435701e+02,7.468737e-01,2.631056e-06,3.072322e-01,5.845572e-01,-3.715174e-01,6.315962e-01,1.989460e-01,-3.784835e-01,1.142520e-01,6.661906e-01,1.783763e-01,-9.437701e-01,-1.367304e-01,-6.826417e-01,-2.719861e-04,-2.525394e+00,6.348193e-03
2.618934e-03,3.789807e+00,3.633983e+00,-2.117054e+01,-1.703059e+01,-5.131399e+00,8.622537e+00,-1.367248e+00,6.632537e-02,2.565930e+00,-4.019651e-01,5.176920e+00,-7.582676e-01,2.719855e-02,1.408791e+02,7.602915e-01,-1.253221e-04,7.740748e-02,5.850294e-01,-1.222172e-01,1.139817e+00,6.749634e-01,-3.075029e-01,7.432148e-01,-4.574667e-02,-9.963416e-02,-6.245004e-01,-5.511925e-01,-4.282014e-01,4.533090e-04,-1.710142e+00,1.410758e-03
2.441936e-03,3.773083e+00,4.046577e+00,-2.131483e+01,-1.569141e+01,-4.059875e+00,8.509594e+00,-7.086873e-03,-1.166191e+00,1.471574e+00,-7.472575e-01,4.206738e+00,-5.669724e-01,2.931399e-02,1.387286e+02,7.502516e-01,-1.745008e-04,-7.631218e-02,4.716665e-01,1.395384e-01,1.144386e+00,8.859947e-01,-2.067848e-01,7.646281e-01,-8.487538e-01,-5.839219e-01,3.138848e-01,-3.153482e-01,-6.148772e-01,1.511037e-04,-2.143350e+00,-4.499048e-03
2.236931e-03,3.565333e+00,4.356865e+00,-2.067720e+01,-1.474115e+01,-3.152881e+00,8.434249e+00,7.052742e-01,-2.122092e+00,1.126190e+00,4.915482e-01,4.333862e+00,-1.952367e+00,2.991840e-02,1.367924e+02,7.427816e-01,-1.654654e-04,-1.916782e-01,4.302691e-01,3.260462e-01,6.115007e-01,9.316531e-01,-3.417199e-01,-2.911793e-02,-9.621645e-01,-7.077726e-01,1.397501e+00,2.169657e-01,-8.197868e-01,-1.178604e-03,-1.785619e+00,-8.499396e-03
2.092888e-03,3.397203e+00,4.741465e+00,-2.011131e+01,-1.420060e+01,-2.023445e+00,8.246102e+00,4.912543e-01,-3.444917e+00,-7.556950e-01,2.576006e+00,4.706997e+00,-3.385476e+00,2.659414e-02,1.348967e+02,7.331334e-01,-1.440006e-04,-2.600001e-01,2.940615e-01,2.644299e-01,5.634632e-01,6.280078e-01,-1.123989e+00,-8.094472e-01,-6.673421e-01,-5.373242e-02,2.013257e+00,4.709014e-01,-5.771020e-01,-2.598973e-03,-1.497362e+00,-8.316708e-03
1.966131e-03,3.019356e+00,5.437885e+00,-2.014207e+01,-1.471849e+01,-1.491349e+00,7.045683e+00,-1.762008e+00,-3.605134e+00,1.407007e-01,4.923908e+00,6.011619e+00,-3.447950e+00,2.266546e-02,1.338669e+02,7.263536e-01,-1.371085e-04,-3.882073e-01,1.583924e-01,6.522366e-01,7.729713e-01,5.834357e-02,-2.235548e+00,-1.601952e+00,-3.390067e-01,7.526934e-01,2.059687e+00,1.640029e-02,4.354690e-01,-1.994560e-03,-9.917839e+00,-1.044038e-02
1.857333e-03,2.746071e+00,4.976375e+00,-2.026025e+01,-1.288542e+01,-1.750602e+00,3.583934e+00,-2.820682e+00,-3.761381e+00,1.695656e+00,7.102846e+00,5.722366e+00,-2.704691e+00,1.994560e-02,1.327045e+02,7.168821e-01,-1.456591e-04,-4.704748e-01,1.803014e-01,1.617784e+00,1.240080e+00,-4.649015e-01,-2.804785e+00,-2.029091e+00,-2.052537e-01,1.820060e+00,1.603406e+00,-9.971933e-01,1.211314e+00,3.626477e-04,-2.275878e+01,-1.388345e-02
1.669165e-03,1.949862e+00,5.031373e+00,-1.734155e+01,-1.153389e+01,-2.997584e+00,-4.124061e-01,-5.648516e+00,-3.658894e+00,3.663981e+00,8.526565e+00,3.908179e+00,-1.154149e-01,2.326987e-02,8.829932e+01,6.987054e-01,-1.713304e-04,-5.215011e-01,4.714758e-01,2.788491e+00,1.513957e+00,-6.994447e-01,-2.234256e+00,-1.580545e+00,-2.212768e-01,1.442759e+00,6.677595e-01,-1.998297e+00,9.013933e-01,2.750076e-03,-3.565517e+01,-1.854212e-02
1.513075e-03,1.579576e+00,5.846228e+00,-1.342265e+01,-9.592503e+00,-3.594835e+00,-2.048777e+00,-7.710947e+00,-4.444306e+00,6.582964e+00,8.791709e+00,7.727507e-01,1.004828e+00,2.810517e-02,4.388663e+01,6.775402e-01,-1.800989e-04,-5.218561e-01,7.681299e-01,3.002551e+00,1.242402e+00,-1.196184e-01,-3.291725e-01,-2.285005e-01,-2.853869e-01,2.572668e-01,-4.570188e-01,-2.183366e+00,1.411480e-01,3.686914e-03,-3.537083e+01,-6.182510e-02
1.281608e-03,9.950977e-01,7.360337e+00,-9.618420e+00,-8.795163e+00,-4.066456e+00,-1.309239e+00,-7.219599e+00,-4.370056e+00,4.910840e+00,7.418274e+00,-1.505058e+00,-7.957427e-01,3.233605e-02,0,6.533139e-01,-1.666168e-04,-5.282059e-01,5.736810e-01,1.768323e+00,9.070319e-01,5.442389e-01,1.139171e+00,1.787177e+00,-1.972846e-01,-1.678926e+00,-1.060889e+00,-1.354814e+00,-7.063451e-01,2.689634e-03,-2.204853e+01,-1.219515e-01
1.150617e-03,6.141729e-01,7.652542e+00,-9.109057e+00,-8.042770e+00,-1.814258e+00,2.386488e+00,-3.177643e+00,-4.832735e+00,2.358561e+00,5.371897e+00,-2.487847e+00,-1.658787e+00,3.384708e-02,0,4.304523e-01,-1.320220e-04,-6.622301e-01,1.606903e-02,4.183202e-01,2.386371e-01,1.086715e+00,1.878786e+00,2.759818e+00,-1.079853e-01,-2.979161e+00,-1.474023e+00,9.150682e-02,-3.939669e-01,1.541251e-03,-8.777326e+00,-1.416520e-01
1.017310e-03,-2.084653e-01,6.996621e+00,-1.065673e+01,-7.773592e+00,-1.166678e+00,3.065816e+00,1.020719e+00,-4.451103e+00,-2.618447e+00,4.932026e+00,-1.235594e+00,-2.315333e+00,3.384708e-02,0,2.124917e-01,-7.467413e-05,-6.383308e-01,-2.923368e-01,-4.288917e-01,-1.895370e-01,8.228693e-01,1.349600e+00,2.128459e+00,-1.467972e-01,-2.552248e+00,-7.734318e-01,1.703446e+00,2.984721e-01,3.022067e-04,0,-1.168006e-01
9.851140e-04,-1.129793e+00,6.108431e+00,-1.081189e+01,-8.910103e+00,3.888511e-01,5.157626e+00,1.967984e+00,-4.943709e+00,-4.548198e+00,2.664718e+00,1.095553e+00,-2.052112e-01,3.505591e-02,0,1.896913e-01,-3.256286e-05,-6.009652e-01,-3.477142e-01,-2.475947e-01,-4.590955e-01,-2.378966e-01,5.040358e-01,7.855663e-01,3.999270e-01,-8.449270e-01,-4.415891e-01,2.358116e+00,6.587745e-01,-1.752795e-03,0,-1.021305e-02
9.909890e-04,-1.324574e+00,6.670708e+00,-1.091146e+01,-9.309182e+00,-1.053665e+00,4.053190e+00,8.498857e-01,-5.048555e+00,-4.397022e+00,4.904705e+00,5.220472e+00,-3.017008e-02,3.324267e-02,0,1.896913e-01,-7.988420e-08,-7.831232e-01,-8.574133e-01,3.616870e-01,9.125166e-02,-8.663001e-01,3.064964e-01,5.449799e-02,7.288179e-01,1.341374e+00,1.979714e-01,1.960094e+00,5.999879e-01,-3.142943e-03,0,5.099636e-02
1.000964e-03,-1.832599e+00,6.076927e+00,-1.021967e+01,-9.570453e+00,-3.060248e+00,4.412980e+00,8.356054e-01,-2.534374e+00,-9.767861e-01,3.177612e+00,6.074698e+00,4.925040e-01,2.538531e-02,0,3.907872e-01,2.456014e-07,-1.141983e+00,-1.485477e+00,7.515892e-01,8.336500e-01,-1.018215e+00,3.634779e-01,2.442957e-01,1.319468e+00,2.391533e+00,8.755860e-01,5.996599e-01,1.597388e-01,-2.055002e-03,0,5.317026e-02
1.008986e-03,-3.772678e+00,2.725306e+00,-9.144408e+00,-6.987158e+00,-3.773629e+00,4.970621e+00,1.859398e+00,-2.011681e+00,2.302716e+00,5.665436e+00,6.075303e+00,3.357486e-01,2.296766e-02,0,3.669255e-01,-1.145160e-05,-1.264500e+00,-1.691208e+00,1.188717e+00,1.235447e+00,-4.144185e-01,6.410296e-01,4.909506e-01,8.041984e-01,1.648151e+00,8.226925e-01,-1.114124e+00,2.759143e-01,4.140223e-03,0,-7.158518e-03
9.773435e-04,-5.615655e+00,6.537483e-01,-7.937473e+00,-5.902865e+00,-3.342241e+00,6.516301e+00,2.684706e+00,1.351921e-01,4.059598e+00,6.662282e+00,3.666437e+00,4.105236e-01,2.991840e-02,0,3.669255e-01,8.401001e-06,-9.710499e-01,-5.447989e-01,1.202685e+00,9.600762e-01,-9.288845e-02,-4.464540e-01,1.200912e-01,-2.603176e-01,-3.714726e-02,9.681934e-01,-2.036493e+00,2.996238e-01,1.193714e-02,0,-6.964697e-02
9.455411e-04,-5.755546e+00,9.262554e-01,-6.108973e+00,-4.965741e+00,-2.984761e+00,6.206678e+00,2.380088e+00,-2.362346e+00,1.325539e+00,7.275832e+00,8.539855e-01,1.390392e+00,5.167725e-02,0,1.658295e-01,4.166928e-05,-3.702655e-01,9.809664e-01,9.253594e-01,3.002766e-01,-3.638423e-01,-2.051101e+00,-3.991169e-01,-1.066260e+00,-1.350039e+00,2.263814e-01,-2.067548e+00,1.837311e-01,1.622847e-02,0,-3.505947e-02
1.074691e-03,-5.696414e+00,4.252458e+00,-5.723958e+00,-5.780781e+00,-3.919124e+00,1.562682e+00,1.175716e+00,-3.660629e+00,-6.739340e-01,7.213381e+00,-1.497110e+00,1.463301e+00,7.071623e-02,0,1.431003e-01,6.839019e-05,-7.724438e-02,1.696431e+00,4.303588e-01,1.625807e-01,-7.984219e-01,-2.959846e+00,-6.242188e-01,-1.359331e+00,-1.685020e+00,-4.061589e-01,-6.912472e-01,1.091390e-02,1.160471e-02,0,4.225623e-02
1.168659e-03,-5.583626e+00,5.830784e+00,-5.624368e+00,-5.546817e+00,-5.304399e+00,-2.808074e+00,6.183084e-01,-5.445071e+00,-2.080711e+00,6.521793e+00,-1.680665e+00,7.280152e-01,8.371109e-02,0,3.035407e-01,3.658066e-05,2.358869e-01,1.691280e+00,-1.480430e-01,4.977741e-02,-8.254879e-01,-2.003494e+00,-4.296029e-01,-7.406906e-01,-1.084089e+00,-6.859881e-01,5.724639e-01,-3.873042e-01,1.571471e-03,0,7.670932e-02
1.207736e-03,-6.087837e+00,6.683637e+00,-6.027981e+00,-4.799423e+00,-6.174531e+00,-3.775552e+00,4.445015e-01,-5.120100e+00,-2.662378e+00,5.008507e+00,1.477526e+00,7.962813e-01,7.192505e-02,0,5.093511e-01,-2.791173e-05,4.345922e-01,1.140937e+00,-1.589808e-01,1.643037e-01,-3.104828e-01,-3.499592e-02,9.895744e-02,2.070328e-01,-2.830927e-01,-4.478973e-01,1.823694e+00,-3.212988e-02,-7.373830e-03,0,1.881303e-02
1.061922e-03,-4.380400e+00,8.167065e+00,-6.697176e+00,-5.207532e+00,-5.984497e+00,-1.141677e+00,5.976816e-01,-5.336063e+00,-3.100683e+00,4.948328e+00,2.228987e+00,-2.126195e-01,5.893019e-02,0,3.662508e-01,-6.761662e-05,3.381905e-01,4.736115e-01,-1.446555e-01,-1.259940e-01,3.263617e-01,1.065128e+00,3.444254e-01,9.098905e-01,7.824854e-01,7.720689e-01,1.858105e+00,-3.305430e-02,-8.008461e-03,0,-9.106220e-02
9.885008e-04,-4.125067e+00,8.789001e+00,-5.982458e+00,-5.128905e+00,-5.131489e+00,5.545035e-01,1.680817e+00,-2.679969e+00,-1.579411e+00,5.760627e+00,5.666534e+00,1.772969e+00,4.623753e-02,0,2.058104e-01,-7.246500e-05,-1.567249e-02,-3.959124e-01,-1.055195e-01,-3.837529e-01,5.131747e-01,7.342893e-01,7.377990e-02,1.394388e+00,1.668035e+00,1.543193e+00,1.459967e+00,1.683475e-01,-1.994560e-03,0,-1.384953e-01
9.401930e-04,-4.874059e+00,7.146160e+00,-6.370407e+00,-6.012046e+00,-4.194111e+00,3.525360e-01,1.722278e+00,-2.115684e+00,1.290233e+00,1.000608e+01,5.515358e+00,7.439979e-02,5.651255e-02,0,0,-4.333523e-05,-6.863306e-01,-1.211589e+00,-8.621669e-02,-6.360539e-01,5.474755e-01,9.223995e-02,-5.585390e-01,1.563310e+00,1.827777e+00,1.164537e+00,3.878772e-01,3.497992e-01,2.115444e-03,0,-9.383120e-02
9.062754e-04,-5.919370e+00,5.214528e+00,-6.718963e+00,-6.315931e+00,-4.503851e+00,-8.512122e-01,2.511029e-01,2.416522e-01,3.482338e+00,1.019559e+01,7.134177e+00,1.494509e+00,6.316108e-02,0,0,-2.871355e-05,-8.416120e-01,-1.205821e+00,-1.749467e-01,-6.246372e-01,8.197098e-01,-7.829323e-02,-1.039312e+00,1.576835e+00,1.560348e+00,6.832170e-02,-8.539286e-01,4.624847e-01,-1.359927e-03,0,-4.116209e-02
8.863587e-04,-6.914901e+00,3.896357e+00,-6.760007e+00,-7.794289e+00,-3.560939e+00,2.238059e-02,-1.480156e+00,1.019677e+00,3.507328e+00,8.553529e+00,3.434551e+00,1.675606e+00,6.104564e-02,0,0,-1.093558e-05,-8.913517e-01,-5.080347e-01,3.608928e-02,-1.834883e-01,1.121274e+00,2.637522e-02,-6.782222e-01,1.555113e+00,6.942224e-01,-1.095088e+00,-8.674423e-01,3.998839e-01,-7.615595e-03,0,0
8.718501e-04,-7.312706e+00,4.384799e+00,-6.662392e+00,-7.360970e+00,-1.349526e+00,3.281150e-01,-1.914526e+00,3.636525e+00,5.113780e+00,6.828510e+00,2.437295e+00,3.284789e+00,3.717135e-02,0,0,1.214062e-04,-1.449896e+00,3.868168e-01,6.309924e-02,-2.409409e-01,1.020665e+00,-2.030535e-01,-3.858348e-02,9.600703e-01,4.013538e-01,-7.012303e-01,-2.105176e-01,-9.024719e-01,-6.044122e-03,0,4.859896e-02
9.027277e-04,-8.634150e+00,5.020851e+00,-6.218246e+00,-6.406969e+00,-1.649035e-01,-1.052516e-01,-5.860184e-01,3.962446e+00,3.945624e+00,6.214180e+00,3.526587e+00,1.178679e+00,3.142944e-02,0,0,4.066517e-04,-2.510001e+00,1.073227e+00,4.330776e-01,-6.597592e-01,2.190069e-01,-2.513205e-01,7.174463e-01,8.146406e-01,1.891775e-01,-4.246272e-01,1.268374e+00,-1.545196e+00,4.925959e-03,0,1.211621e-01
1.505122e-03,-1.230922e+01,6.586365e+00,-6.674347e+00,-8.214295e+00,-1.098543e+00,-1.802664e+00,-3.888835e-01,3.570618e+00,5.269959e+00,7.859118e+00,6.035571e+00,-2.769387e+00,4.774857e-02,0,2.429948e-01,6.399054e-04,-3.515906e+00,1.215245e+00,1.318173e+00,-1.536493e+00,-9.386340e-01,5.403287e-01,1.178050e+00,5.931631e-01,8.121832e-02,-5.439282e-01,1.374066e+00,-1.318612e+00,1.650045e-02,0,1.452939e-01
2.602981e-03,-1.696665e+01,8.161708e+00,-4.588642e+00,-1.066642e+01,-2.591396e+00,-1.688328e-01,1.344254e+00,5.125833e+00,4.375126e+00,5.915089e+00,7.977283e+00,-3.023285e+00,8.038682e-02,0,4.843131e-01,5.659500e-04,-3.185691e+00,5.268887e-01,1.877270e+00,-1.634305e+00,-1.519756e+00,1.612582e+00,8.904719e-01,7.215526e-01,9.830370e-02,-1.526182e+00,6.066153e-01,2.584395e-01,2.064067e-02,0,7.239549e-02
3.221250e-03,-2.072598e+01,8.890594e+00,-8.863270e-01,-1.291371e+01,-4.829450e+00,3.061549e+00,3.010589e+00,6.020647e+00,5.305121e+00,4.258415e+00,7.082278e+00,-1.207288e+00,9.519491e-02,0,4.843131e-01,1.088034e-04,-1.640562e+00,-7.986024e-01,1.518835e+00,-9.414909e-01,-1.461617e+00,2.022212e+00,3.696693e-01,2.516051e-01,-4.374214e-01,-1.944498e+00,-5.698495e-01,1.514625e+00,2.051980e-02,0,-7.289844e-02
2.874414e-03,-2.035423e+01,6.503180e+00,2.740910e-01,-1.222879e+01,-5.898228e+00,5.525552e+00,2.166605e+00,6.345194e+00,4.419561e+00,3.836196e-01,6.036310e+00,1.689828e+00,1.109096e-01,0,2.413183e-01,-3.759114e-04,2.374788e-01,-1.925291e+00,-7.135100e-02,7.848978e-02,-4.283067e-01,8.500751e-01,-9.495762e-01,-3.376147e-01,-1.087247e+00,-1.391167e+00,-1.054836e+00,1.641310e+00,1.795105e-02,0,-1.452939e-01
1.913423e-03,-1.881824e+01,3.422617e+00,-1.511537e+00,-1.214057e+01,-6.753211e+00,5.461203e+00,1.048287e+00,4.218963e+00,3.060635e+00,9.023626e-01,4.156810e+00,2.447181e+00,1.350861e-01,0,0,-5.511423e-04,1.697200e+00,-2.003933e+00,-1.407109e+00,1.147341e+00,1.113194e+00,-2.248467e-01,-1.451775e+00,-3.853634e-01,-2.043614e+00,-1.042110e+00,-1.337866e+00,6.248753e-01,1.202781e-02,0,-8.949816e-02
1.377338e-03,-1.673312e+01,1.269241e+00,-4.632792e+00,-1.066054e+01,-3.771049e+00,2.881716e+00,-2.422477e+00,4.338602e+00,6.113243e-02,6.372819e-01,4.165836e+00,3.356033e+00,1.501964e-01,0,0,-3.312642e-04,2.678339e+00,-1.625133e+00,-2.023456e+00,1.685579e+00,2.235106e+00,-5.580605e-01,-1.302073e+00,-1.542139e-02,-1.835112e+00,-1.194539e+00,-2.069405e+00,-2.928482e-01,-2.055003e-03,0,4.431523e-02
1.214077e-03,-1.405053e+01,1.487900e+00,-5.468433e+00,-7.961126e+00,-3.270670e-01,3.259234e+00,-1.953745e+00,5.097126e+00,-2.733737e+00,-1.078966e+00,1.328185e+00,1.083986e+00,1.356906e-01,0,1.574814e-01,5.513746e-05,3.499329e+00,-1.385878e+00,-2.388808e+00,1.530963e+00,2.648545e+00,2.255774e-01,-6.031953e-01,6.118135e-01,-5.701862e-01,-2.356336e+00,-3.038476e+00,-6.075002e-01,-1.749774e-02,9.587064e+00,1.653973e-01
1.567766e-03,-9.346388e+00,-6.551245e-01,-7.864742e+00,-5.890614e+00,2.064231e+00,3.836234e+00,-2.842744e+00,5.829006e+00,-1.858811e+00,-4.598412e+00,-2.896402e+00,9.071841e-01,1.003324e-01,0,3.841537e-01,3.439726e-04,3.812617e+00,-1.451180e+00,-3.071120e+00,3.479091e-01,1.951454e+00,9.252240e-01,-2.910904e-02,4.451165e-01,1.208753e+00,-2.716521e+00,-3.639107e+00,-7.313418e-02,-2.553642e-02,2.401225e+01,1.936598e-01
2.093897e-03,-5.014966e+00,-2.544591e+00,-1.183960e+01,-6.870716e+00,3.571875e+00,6.111830e+00,-1.757555e+00,6.532829e+00,1.169675e+00,-8.261470e+00,-7.504454e+00,6.341040e-01,7.252946e-02,4.793532e+01,6.349096e-01,4.264494e-04,3.179349e+00,-1.326022e+00,-3.416027e+00,-9.248927e-01,1.224208e+00,8.195074e-01,-2.882639e-01,1.951234e-01,2.136148e+00,-1.983507e+00,-2.647029e+00,4.126719e-01,-2.360230e-02,3.858366e+01,1.513609e-01
2.657291e-03,-2.187825e+00,-3.970414e+00,-1.680281e+01,-9.466202e+00,4.036750e+00,6.081537e+00,-2.666117e+00,5.846333e+00,4.153193e+00,-9.354073e+00,-9.613379e+00,3.215303e+00,5.409490e-02,9.609357e+01,7.295848e-01,2.512283e-04,1.860376e+00,-4.211566e-01,-2.321667e+00,-1.500178e+00,1.666720e-02,4.441479e-01,-4.258180e-03,4.779253e-02,1.774587e+00,-9.729843e-02,-1.052296e+00,8.858933e-02,-1.786038e-02,2.908087e+01,7.300724e-02
2.801561e-03,-1.733068e+00,-3.484565e+00,-1.807953e+01,-1.079780e+01,4.807713e+00,6.234119e+00,-3.483379e+00,6.064080e+00,4.941004e+00,-8.618669e+00,-8.548470e+00,1.993286e+00,4.079783e-02,1.448715e+02,7.415702e-01,-3.820651e-05,6.585684e-01,5.279381e-01,-3.333960e-01,-1.116947e+00,-1.324370e+00,-5.618162e-01,-1.543715e-01,-7.267618e-02,7.028769e-01,1.384372e+00,7.088724e-01,-3.111117e-01,-1.305530e-02,2.527954e-01,-1.330614e-04
2.470075e-03,-1.685458e+00,-2.290921e+00,-1.635311e+01,-1.142797e+01,1.529648e+00,5.995829e+00,-2.001123e+00,6.302343e+00,5.128459e+00,-4.906305e+00,-7.635873e+00,6.705397e-01,2.689634e-02,9.693622e+01,6.958596e-01,-2.977669e-04,-1.597594e-02,1.425707e+00,1.450323e+00,-3.859307e-01,-2.391418e+00,-1.594492e+00,-4.146422e-01,-1.070093e-01,-6.115484e-03,2.020429e+00,1.923356e+00,-7.602484e-01,-8.703537e-03,-2.882807e+01,-2.998689e-02
1.996472e-03,-1.973307e+00,-7.446473e-01,-1.373143e+01,-1.147457e+01,-1.796422e+00,3.345603e+00,-2.861910e+00,5.941443e+00,4.196426e+00,-3.563496e+00,-4.948845e+00,3.509272e-01,2.085222e-02,4.877797e+01,6.511068e-01,-3.556594e-04,-1.439031e-01,1.719373e+00,1.623768e+00,1.719666e-02,-2.397504e+00,-2.738578e+00,-1.471873e+00,-2.684411e-01,-3.598340e-01,1.913857e+00,2.528428e+00,-4.513876e-01,-4.200665e-03,-3.866793e+01,-3.047609e-02
1.571001e-03,-2.147586e+00,1.788163e+00,-1.172524e+01,-1.105747e+01,-4.618271e+00,-4.466623e-01,-5.050062e+00,5.372605e+00,4.494904e+00,-1.779515e+00,-1.796410e+00,2.352403e-01,2.055001e-02,0,6.248820e-01,-2.452096e-04,-1.368980e-01,1.559994e+00,1.000518e+00,5.377212e-01,-1.215038e+00,-3.199692e+00,-2.607256e+00,-2.946623e-01,-3.823860e-01,1.710007e+00,2.819907e+00,-6.455528e-01,-1.057721e-03,-2.426504e+01,-1.408835e-02
1.472801e-03,-2.221520e+00,3.072758e+00,-1.227463e+01,-1.089706e+01,-4.105851e+00,-4.237526e+00,-9.318274e+00,5.186743e+00,3.458612e+00,-6.127780e-01,1.173938e+00,-4.600207e-02,2.296766e-02,0,6.246786e-01,-1.014275e-04,-2.076786e-02,1.113459e+00,2.470469e-01,6.008126e-01,2.947211e-02,-2.394835e+00,-2.503331e+00,-2.781712e-01,-3.849451e-01,1.654383e+00,2.125106e+00,-6.327531e-01,-1.208827e-04,-9.755594e+00,1.908761e-03
1.505862e-03,-2.245841e+00,3.600345e+00,-1.207892e+01,-9.028115e+00,-3.390827e+00,-6.211069e+00,-1.180922e+01,5.206381e+00,3.585437e+00,2.168372e+00,3.402271e+00,-2.358760e+00,2.055001e-02,0,6.386320e-01,-8.089992e-06,1.198297e-01,5.155458e-01,-7.142105e-02,5.944187e-01,6.476604e-01,-9.053604e-01,-1.701610e+00,-4.756544e-01,-7.377658e-02,8.549382e-01,1.179507e+00,-3.238269e-01,2.115445e-04,9.488599e+00,1.449975e-02
1.521904e-03,-2.028018e+00,3.916556e+00,-1.231936e+01,-9.485185e+00,-2.262784e+00,-5.746371e+00,-1.199898e+01,4.633699e+00,2.726434e+00,2.734477e+00,3.077345e+00,-1.515838e+00,2.024781e-02,0,6.537756e-01,5.601870e-06,2.795814e-01,1.502044e-01,-2.115661e-01,2.411623e-01,5.147911e-01,3.468030e-01,-8.646850e-02,-8.270033e-01,4.056395e-01,2.515823e-01,-1.721769e-01,2.315917e-01,1.087942e-03,2.382578e+01,1.944847e-02
1.506000e-03,-1.645188e+00,3.943993e+00,-1.205999e+01,-8.791312e+00,-2.301503e+00,-4.219042e+00,-1.221776e+01,3.270855e+00,4.492110e+00,8.215482e-01,3.149420e+00,-6.489760e-01,2.296766e-02,4.744299e+01,6.828322e-01,1.090321e-05,4.355617e-01,-2.063503e-01,-6.151997e-01,-3.139477e-01,3.498001e-01,8.721890e-01,1.121028e+00,-7.417091e-01,5.948238e-01,-2.265941e-01,-1.229326e+00,5.724617e-01,1.903898e-03,3.846241e+01,1.804069e-02
1.500741e-03,-1.123940e+00,3.651956e+00,-1.334193e+01,-9.809651e+00,-2.076557e+00,-3.499524e+00,-9.546349e+00,2.019490e+00,5.033473e+00,1.318545e+00,4.394791e-01,2.570646e-01,2.719855e-02,9.540739e+01,6.998208e-01,8.419064e-05,5.840234e-01,-8.838269e-01,-1.199889e+00,-4.768122e-01,5.662979e-01,6.941309e-01,2.068372e+00,-1.237096e-01,5.398356e-01,-4.849407e-02,-1.943653e+00,6.296758e-02,1.511031e-03,3.816755e+01,1.295040e-02
1.570960e-03,-5.200720e-01,2.700893e+00,-1.464363e+01,-1.043562e+01,-1.734941e+00,-2.973547e+00,-7.430402e+00,2.804940e+00,5.406037e+00,1.743367e+00,-1.425427e+00,-3.829026e-01,2.659414e-02,1.446084e+02,7.058129e-01,2.134479e-04,6.952617e-01,-1.772676e+00,-1.538560e+00,-4.159456e-01,9.880244e-01,9.164097e-01,2.351645e+00,8.622302e-01,2.767974e-01,-2.966151e-01,-2.330263e+00,-4.380385e-02,1.027501e-03,2.410876e+01,5.840683e-03
1.910377e-03,3.295406e-01,1.189715e-01,-1.702698e+01,-1.104709e+01,2.854246e-01,-2.898464e+00,-4.050805e+00,4.248108e+00,4.968649e+00,2.031097e+00,-4.353496e+00,-1.334037e+00,2.598973e-02,1.422551e+02,7.070373e-01,3.053984e-04,6.652160e-01,-2.326232e+00,-1.218959e+00,1.645424e-01,1.283850e+00,1.336582e+00,1.965681e+00,1.525519e+00,1.889927e-01,-1.353926e+00,-1.978924e+00,-4.637195e-02,1.239045e-03,-1.362610e-02,-1.310134e-03
2.368422e-03,1.104381e+00,-3.152893e+00,-1.791026e+01,-1.025232e+01,1.457627e+00,6.247592e-02,-3.207309e+00,6.467697e+00,5.908509e+00,-1.017803e+00,-6.105408e+00,-7.244448e-02,2.870958e-02,1.445629e+02,7.084274e-01,2.701312e-04,4.563120e-01,-2.095734e+00,-4.439754e-01,8.641230e-01,1.104718e+00,1.710597e+00,1.298820e+00,1.570595e+00,1.400342e-01,-2.152307e+00,-1.417871e+00,4.881734e-01,1.480810e-03,-2.355652e+01,-7.147014e-03
2.629003e-03,1.389914e+00,-5.052313e+00,-1.780341e+01,-9.078589e+00,2.746409e+00,1.665376e+00,-1.829489e+00,7.815708e+00,5.727200e+00,-4.070499e+00,-7.115152e+00,-1.300243e-01,3.233605e-02,9.536197e+01,6.919629e-01,7.425924e-05,1.546650e-01,-1.142413e+00,7.318176e-01,1.126535e+00,1.967029e-01,1.236422e+00,4.162453e-01,9.409648e-01,6.505122e-02,-2.083177e+00,-7.280654e-01,8.964111e-01,-2.115443e-04,-3.788007e+01,-1.478387e-02
2.562303e-03,1.231301e+00,-5.192132e+00,-1.647530e+01,-7.099256e+00,2.558156e+00,3.297517e+00,-2.046959e+00,8.874115e+00,5.726933e+00,-5.967371e+00,-7.133955e+00,1.455958e+00,3.082502e-02,5.027231e+01,6.776150e-01,-1.622955e-04,-1.025465e-01,1.004839e-01,1.563954e+00,1.201489e+00,-6.851456e-01,1.409886e-01,1.750205e-02,1.208822e-01,-7.357645e-03,-8.677446e-01,-1.402753e-01,7.105038e-01,-2.901179e-03,-3.844878e+01,-1.885790e-02
2.184733e-03,1.039405e+00,-4.573473e+00,-1.408537e+01,-6.990948e+00,7.186748e-01,1.666125e+00,-2.549753e+00,7.749723e+00,5.384693e+00,-5.910006e+00,-7.479549e+00,2.383817e+00,2.387428e-02,0,6.485241e-01,-3.224009e-04,-2.549054e-01,1.046940e+00,2.041167e+00,1.117703e+00,-1.457874e+00,-7.271495e-01,-2.461362e-01,-7.057299e-01,-2.639349e-01,4.894764e-01,5.210058e-01,2.513727e-01,-4.321548e-03,-2.409962e+01,-1.640710e-02
1.779079e-03,7.669025e-01,-2.889894e+00,-1.194951e+01,-5.288694e+00,-9.542332e-01,7.670446e-01,-2.759666e+00,7.105100e+00,6.042974e+00,-4.436773e+00,-6.624586e+00,2.223154e+00,1.843457e-02,0,6.358573e-01,-3.538706e-04,-2.772239e-01,1.912367e+00,2.107162e+00,9.072466e-01,-1.586022e+00,-1.097218e+00,-3.302681e-01,-1.073939e+00,-8.745367e-01,1.637532e+00,1.550762e+00,-4.107877e-01,-3.414930e-03,-1.005446e+01,-1.439334e-02
1.408610e-03,3.475863e-01,-9.687341e-01,-9.860465e+00,-4.395356e+00,-2.786768e+00,-7.051352e-01,-2.703816e+00,5.171566e+00,4.249505e+00,-2.388416e+00,-4.764808e+00,7.432415e-01,1.692354e-02,0,6.308063e-01,-2.735199e-04,-3.344418e-01,2.226384e+00,1.484140e+00,7.615833e-01,-1.100987e+00,-7.293751e-01,-2.185544e-01,-7.536908e-01,-1.605930e+00,2.063866e+00,2.409300e+00,-2.795409e-01,-2.055001e-03,0,-1.392264e-02
1.181011e-03,1.910912e-01,2.567332e+00,-8.051939e+00,-3.860820e+00,-3.619234e+00,-1.002943e+00,-3.621268e+00,4.793500e+00,1.921843e+00,4.594930e-01,-7.375175e-01,2.223074e-01,1.722575e-02,0,6.145072e-01,-1.654585e-04,-4.555858e-01,1.970242e+00,5.382787e-01,1.686740e-02,-5.620040e-01,-2.957680e-01,-2.983666e-03,-2.172470e-01,-1.804292e+00,1.876949e+00,2.365963e+00,4.069925e-01,-2.387428e-03,0,-1.959494e-02
1.116167e-03,-3.448985e-01,3.829832e+00,-8.613457e+00,-3.896969e+00,-3.453761e+00,-1.095757e+00,-3.211724e+00,5.137069e+00,-5.843936e-01,1.961192e+00,1.623415e+00,1.986536e+00,1.420369e-02,0,5.895860e-01,-7.200189e-05,-6.924268e-01,1.042822e+00,-6.864592e-01,-3.569669e-01,1.525757e-02,7.197232e-02,6.369957e-01,6.203532e-01,-7.800244e-01,1.061149e+00,1.748204e+00,1.239509e+00,-3.535811e-03,0,-2.293854e-02
1.098008e-03,-1.164784e+00,4.562034e+00,-9.881618e+00,-5.453551e+00,-3.430757e+00,-5.164847e-01,-2.520631e+00,6.036113e+00,-5.615385e-01,2.773169e+00,2.011114e+00,3.636469e+00,7.857359e-03,0,5.584927e-01,-2.256397e-05,-1.048750e+00,-2.400370e-01,-1.435786e+00,-6.736904e-01,8.941767e-02,1.720673e-01,1.226961e+00,7.758575e-01,4.073265e-01,3.804979e-02,6.905225e-01,1.128324e+00,-3.626473e-03,0,-1.741586e-02
1.090102e-03,-2.436610e+00,3.248024e+00,-1.237792e+01,-5.383825e+00,-2.804719e+00,-5.885029e-01,-6.915607e-02,7.652025e+00,1.591074e+00,1.760491e+00,2.601893e+00,5.233704e+00,3.928680e-03,0,5.441208e-01,-1.618560e-05,-1.245544e+00,-1.047021e+00,-1.266158e+00,-4.943461e-01,-1.026415e-01,-2.602050e-01,1.318028e+00,5.495366e-01,1.504737e+00,-3.133681e-01,5.833521e-02,5.854042e-01,-1.994560e-03,0,-4.564448e-02
1.081224e-03,-4.006803e+00,1.658051e+00,-1.334864e+01,-6.485844e+00,-3.496667e+00,-3.962337e-01,9.422541e-01,7.415310e+00,2.870742e+00,7.500926e-01,2.225856e+00,4.240343e+00,4.230885e-03,0,5.501605e-01,-4.821457e-07,-1.319036e+00,-1.568472e+00,-6.305484e-01,-1.667958e-01,2.107109e-01,-9.353802e-01,1.318306e+00,4.940753e-02,1.854498e+00,2.037375e-01,-4.362485e-01,1.471951e-01,1.601692e-03,0,-5.677394e-02
1.043631e-03,-5.151610e+00,4.672031e-02,-1.321074e+01,-5.852553e+00,-3.934013e+00,-2.456907e+00,1.646973e+00,7.195154e+00,5.223149e+00,1.405889e+00,1.807720e+00,4.611620e+00,6.044122e-03,0,3.655297e-01,3.898703e-06,-9.302592e-01,-1.285522e+00,3.095062e-01,1.435841e-01,5.018491e-01,-1.447696e+00,6.146439e-01,-7.393758e-01,1.341413e+00,7.242230e-01,-1.060505e+00,5.404472e-03,5.832578e-03,0,-9.177574e-02
1.118832e-03,-6.402464e+00,-1.679675e+00,-1.261795e+01,-6.053166e+00,-1.812555e+00,-4.259184e+00,3.212832e+00,6.511587e+00,6.894911e+00,3.969157e+00,2.269583e-01,4.683486e+00,1.480810e-02,0,3.639186e-01,4.713745e-05,-2.640080e-02,-7.776092e-01,4.851917e-01,1.152840e-01,8.357894e-01,-1.025553e+00,1.100071e-01,-8.313163e-01,1.728520e-01,2.881529e-01,-1.227275e+00,2.774677e-02,9.066184e-03,1.182713e+01,-4.415638e-02
1.090792e-03,-5.890076e+00,-1.510722e+00,-1.119573e+01,-4.882243e+00,-1.137529e+00,-5.895506e+00,1.868774e+00,4.407008e+00,6.286052e+00,3.772073e+00,-1.701182e+00,5.039154e+00,2.780296e-02,0,1.783630e-01,1.519423e-04,1.049053e+00,-4.064167e-01,-5.590229e-02,-4.876007e-01,8.736818e-02,5.398238e-01,-3.653185e-01,-5.831949e-01,-1.421956e+00,-1.468797e+00,-1.330084e+00,-6.902766e-01,8.491991e-03,2.882738e+01,3.266280e-02
1.293331e-03,-3.769574e+00,-1.451273e+00,-1.193018e+01,-6.394578e+00,-7.159618e-01,-3.804699e+00,1.381389e+00,4.652802e+00,3.203551e+00,1.007765e+00,-2.156066e+00,4.165309e+00,3.868238e-02,5.913564e+01,4.229619e-01,3.071289e-04,1.858901e+00,-5.291051e-01,-1.058316e+00,-9.965216e-01,-8.784084e-01,1.733021e+00,-1.869213e-01,5.740681e-02,-2.256147e+00,-3.048496e+00,-1.271353e+00,-1.153000e+00,4.140223e-03,4.566630e+01,1.117728e-01
1.716094e-03,-1.222788e+00,-2.099564e+00,-1.383413e+01,-8.119850e+00,-4.045469e+00,1.496990e-02,7.361023e-01,5.208572e+00,-4.094955e-02,-4.457402e+00,-3.651190e+00,1.419325e+00,3.656694e-02,1.145691e+02,4.993220e-01,4.554105e-04,1.713621e+00,-1.099718e+00,-1.885261e+00,-1.015672e+00,-1.002505e+00,2.159920e+00,5.327725e-01,4.266171e-01,-2.185418e+00,-3.328053e+00,-1.610499e+00,-1.255800e+00,-6.950747e-04,4.501039e+01,1.549517e-01
2.341826e-03,5.583963e-01,-4.030779e+00,-1.659033e+01,-9.416970e+00,-4.750628e+00,1.450684e+00,2.844562e+00,6.397839e+00,-1.222321e+00,-7.158586e+00,-5.154803e+00,7.284031e-01,3.112723e-02,1.710470e+02,7.623031e-01,4.868664e-04,1.108481e+00,-1.363366e+00,-2.036353e+00,-2.232968e-01,-3.796137e-01,1.422325e+00,6.262993e-01,-1.361637e-02,-1.279777e+00,-2.588325e+00,-2.198525e+00,-8.659390e-01,-2.478091e-03,2.799015e+01,1.026433e-01
2.843597e-03,5.140426e-01,-5.719559e+00,-1.829196e+01,-8.449407e+00,-4.132722e+00,2.276402e+00,3.801050e+00,5.667574e+00,-2.428103e+00,-8.785019e+00,-8.254310e+00,4.786084e-01,2.810517e-02,1.690963e+02,7.834511e-01,3.909819e-04,4.337060e-01,-1.237421e+00,-1.687003e+00,3.062769e-01,6.179392e-01,6.005731e-01,9.726473e-02,-5.162032e-01,-8.317282e-02,-1.391484e+00,-2.222463e+00,1.765427e-03,-1.027501e-03,1.212474e+01,6.207963e-02
3.163911e-03,9.044139e-01,-6.458105e+00,-1.988303e+01,-7.346284e+00,-2.570404e+00,2.176208e+00,2.980412e+00,4.355218e+00,-2.001759e+00,-9.770051e+00,-1.084713e+01,3.059727e-01,3.052282e-02,1.718228e+02,7.941136e-01,2.076029e-04,1.030573e-01,-7.279169e-01,-1.080081e+00,3.810109e-01,8.620831e-01,4.013718e-01,-1.029278e+00,-8.420731e-01,1.186803e+00,-6.184412e-01,-1.978248e+00,3.527314e-01,9.670591e-04,1.765631e+00,6.165934e-03
3.259960e-03,7.727326e-01,-7.073008e+00,-2.062280e+01,-7.623808e+00,-2.045885e+00,2.655073e+00,1.154501e+00,3.648866e+00,-6.709448e-02,-1.010909e+01,-1.191734e+01,1.639368e+00,3.173164e-02,1.748049e+02,7.938149e-01,9.291456e-06,1.039413e-01,1.982029e-01,-5.888422e-01,-2.459128e-01,5.467960e-01,3.614211e-01,-1.133934e+00,-6.681620e-01,1.449904e+00,1.169585e-01,-8.114740e-01,3.946475e-01,1.511031e-03,2.314374e+00,-1.855135e-04
3.171658e-03,9.443380e-01,-6.993639e+00,-2.082532e+01,-7.924715e+00,-1.483631e+00,3.268207e+00,-9.785525e-01,3.196828e+00,3.531189e+00,-9.588757e+00,-1.321453e+01,1.911681e+00,3.414929e-02,1.770208e+02,7.879508e-01,-1.746342e-04,7.359695e-02,1.252632e+00,-1.829712e-01,-4.844325e-01,-1.205931e-01,4.073643e-01,-5.460605e-01,-2.238990e-01,7.355610e-01,6.809063e-01,7.916557e-01,-2.530803e-01,6.346334e-04,1.396933e+00,-3.905231e-03
2.886181e-03,1.013787e+00,-4.460777e+00,-2.076503e+01,-9.389755e+00,-1.942129e+00,3.537508e+00,1.108634e-01,2.905959e+00,2.054942e+00,-8.290874e+00,-1.112798e+01,1.648992e+00,3.384709e-02,1.780691e+02,7.856049e-01,-3.271580e-04,-7.177683e-02,2.214861e+00,1.835314e-01,-4.960995e-02,-7.825192e-01,-4.391534e-02,1.998200e-01,1.581844e-01,-4.733707e-01,7.565840e-01,2.746007e+00,-8.621768e-01,-6.346327e-04,1.585724e-01,-8.788824e-03
2.477631e-03,1.151871e+00,-1.501063e+00,-2.072678e+01,-8.885473e+00,-3.225247e+00,3.771812e+00,7.719278e-01,3.607177e+00,6.150271e-01,-7.274628e+00,-7.283534e+00,-9.642413e-01,3.263826e-02,1.771753e+02,7.786924e-01,-4.429893e-04,-6.898718e-01,2.382074e+00,9.159516e-01,9.566363e-01,-1.131656e+00,-8.471283e-01,-3.260077e-02,4.611565e-01,-9.344532e-01,7.404906e-01,3.673269e+00,-9.003040e-01,-2.689634e-03,-1.239657e+01,-6.240859e-02
1.971184e-03,3.100818e-01,1.255012e+00,-1.975442e+01,-7.391479e+00,-5.087673e+00,2.183694e+00,1.278361e+00,4.234613e+00,-9.758672e-01,-7.483234e+00,-1.152801e+00,-1.233555e+00,2.931399e-02,1.755205e+02,7.545000e-01,-4.479940e-04,-1.508173e+00,1.682902e+00,1.584148e+00,1.932201e+00,-9.173266e-01,-1.203902e+00,-4.869775e-01,8.550380e-01,-1.126272e-01,9.380004e-01,3.283083e+00,-3.102549e-02,-4.533092e-03,-3.015091e+01,-1.042301e-01
1.414210e-03,-2.153168e+00,2.058835e+00,-1.675087e+01,-4.140672e+00,-5.569140e+00,-2.905273e-01,-1.725305e+00,4.838284e+00,3.743271e-01,-6.290123e+00,1.642286e-01,-1.148566e+00,2.296766e-02,1.163123e+02,4.914603e-01,-3.279302e-04,-1.970060e+00,8.783968e-01,1.798223e+00,1.976957e+00,-3.146269e-01,-9.514456e-01,-7.281981e-01,7.727137e-01,4.542356e-01,1.359602e+00,1.730870e+00,8.899505e-01,-4.049561e-03,-4.721250e+01,-1.186122e-01
1.177921e-03,-4.874559e+00,2.173785e+00,-1.483224e+01,-2.101153e+00,-5.356815e+00,-4.508310e-01,-1.075408e+00,6.565596e+00,1.612156e+00,-4.093124e+00,1.563552e+00,1.586027e+00,1.601692e-02,5.774611e+01,4.080707e-01,-9.372574e-05,-1.846543e+00,3.177015e-01,1.070134e+00,1.561417e+00,5.508139e-01,1.971142e-01,-2.994362e-01,8.338881e-01,8.360540e-01,1.496472e+00,7.137823e-01,1.059653e+00,1.359928e-03,-4.673533e+01,-9.239218e-02
1.234611e-03,-6.106106e+00,2.431534e+00,-1.419675e+01,-1.645853e+00,-4.663810e+00,3.318470e-01,-1.692178e+00,6.305254e+00,1.592193e+00,-2.171675e+00,1.264107e-02,2.075720e+00,1.903898e-02,0,3.588462e-01,1.371021e-04,-1.261485e+00,8.897398e-02,-1.798859e-02,8.541567e-01,1.145547e+00,1.424026e+00,4.872410e-01,3.602367e-01,9.051641e-01,1.040390e+00,7.383063e-01,-2.436222e-02,9.277727e-03,-2.903707e+01,-6.592134e-02
1.592355e-03,-6.946163e+00,2.657170e+00,-1.568081e+01,-8.318022e-01,-2.786268e+00,2.858078e+00,-2.353834e-01,7.670569e+00,2.595470e+00,-2.060098e+00,2.491904e+00,2.452566e+00,3.807797e-02,0,3.588462e-01,2.132669e-04,-8.210260e-01,-3.423579e-02,-5.469475e-01,4.543872e-01,1.318117e+00,1.847890e+00,9.587311e-01,5.894914e-02,1.376957e+00,5.607784e-01,7.785706e-01,-1.495562e+00,1.365972e-02,-1.154922e+01,-9.885216e-02
1.892504e-03,-7.424792e+00,2.262013e+00,-1.641653e+01,-5.045633e-01,-1.126680e+00,5.175146e+00,2.908875e-01,6.086981e+00,4.408491e+00,-2.104684e+00,3.391584e+00,-1.703647e+00,5.832578e-02,0,1.864659e-01,1.081081e-04,-5.409654e-01,-2.889023e-01,-5.406245e-01,-8.365156e-02,1.165571e+00,1.518023e+00,1.016723e+00,-4.177346e-01,1.483405e+00,9.855998e-02,1.705639e-01,-1.960564e+00,1.220913e-02,0,-6.687637e-02
1.915309e-03,-8.320346e+00,2.087367e+00,-1.645709e+01,-3.998615e-01,-5.347946e-01,6.366968e+00,2.726715e+00,6.969478e+00,7.088792e+00,-1.322728e+00,3.766933e+00,-4.002100e+00,6.467211e-02,0,0,-9.868333e-05,-2.213685e-01,-3.722270e-01,-1.933878e-01,-7.779791e-01,5.619137e-01,1.595522e-01,2.210585e-02,-1.006811e+00,6.837069e-01,-2.369251e-02,-1.011111e+00,-1.352781e+00,7.071622e-03,0,-2.924960e-02
1.613674e-03,-8.123841e+00,1.271924e+00,-1.651173e+01,-2.280081e+00,3.830763e-02,6.167516e+00,1.910386e+00,4.567126e+00,6.762558e+00,-2.047560e+00,2.279460e-01,-4.499769e+00,6.678755e-02,0,2.038874e-01,-2.334150e-04,1.265044e-01,-3.625696e-01,-6.316967e-02,-1.034833e+00,1.688495e-01,-9.493434e-01,-1.068180e+00,-8.603891e-01,-2.133102e-01,-1.748889e-02,-8.645468e-01,3.882404e-01,1.239045e-03,0,6.067391e-02
1.238353e-03,-7.703480e+00,1.291079e+00,-1.660015e+01,-3.833939e+00,-5.591937e-01,3.159654e+00,-9.346032e-01,3.396439e+00,4.836971e+00,-2.207122e+00,-9.818317e-01,-2.913276e+00,6.920519e-02,0,2.038874e-01,-2.311583e-04,5.745063e-01,-1.705076e-01,1.854555e-01,-4.962860e-01,-1.092518e-01,-1.292446e+00,-1.447954e+00,-4.175110e-01,-7.171775e-01,-5.348349e-02,-1.530045e-01,1.605872e+00,-5.046842e-03,0,8.656545e-02
1.063907e-03,-7.100703e+00,8.473091e-01,-1.666085e+01,-3.961692e+00,-2.702329e-01,2.032086e+00,-3.219352e+00,3.571555e+00,4.467851e+00,-1.749931e+00,1.443233e+00,-3.068572e-01,6.225446e-02,0,3.878918e-01,-8.096390e-05,1.107754e+00,-1.135815e-01,1.725858e-01,2.823426e-01,2.193961e-01,-8.097814e-01,-9.227726e-01,5.547745e-01,-2.715212e-01,-3.868564e-01,1.925420e-01,2.277597e+00,-1.109096e-02,1.002066e+01,8.837353e-02
1.034401e-03,-5.959383e+00,1.447136e+00,-1.545525e+01,-2.040486e+00,-9.267833e-01,1.972455e+00,-1.948187e+00,5.379709e+00,4.650258e+00,-1.738960e+00,2.394267e+00,1.930801e+00,4.170444e-02,0,3.408251e-01,1.248588e-04,1.727469e+00,-3.849685e-01,-2.509518e-01,4.100451e-01,6.045184e-01,2.426546e-02,8.856449e-02,6.470391e-01,3.919442e-01,-1.486021e+00,-1.018392e+00,1.917624e+00,-1.248111e-02,2.450231e+01,1.045585e-01
1.310830e-03,-3.457120e+00,6.259879e-01,-1.622125e+01,-1.765094e+00,1.319083e+00,2.712209e+00,-2.196686e+00,6.349363e+00,5.498309e+00,-4.215923e+00,-4.973933e-01,4.466178e+00,2.508311e-02,5.010328e+01,5.772862e-01,3.089114e-04,2.144468e+00,-8.868479e-01,-1.292470e+00,-2.696569e-01,7.599080e-01,1.736109e-01,5.730876e-01,3.820563e-01,7.436484e-01,-2.142883e+00,-2.572726e+00,9.701813e-01,-7.736477e-03,3.896125e+01,9.482685e-02
1.739185e-03,-8.879258e-01,-5.231031e-01,-1.807471e+01,-2.882012e+00,1.668740e+00,2.940920e+00,-1.003114e+00,5.242730e+00,6.281463e+00,-8.404232e+00,-5.103477e+00,4.288327e+00,2.538531e-02,9.745990e+01,6.319825e-01,3.581101e-04,1.974478e+00,-1.020236e+00,-2.022524e+00,-9.719040e-01,2.233172e-01,1.130760e-01,1.064012e+00,3.083463e-01,7.883551e-01,-1.724694e+00,-2.630793e+00,-1.993709e-01,-1.027501e-03,2.879190e+01,8.442005e-02
2.256072e-03,1.085907e+00,-2.601810e+00,-2.181347e+01,-4.889214e+00,2.231545e+00,2.415908e+00,-8.264500e-01,5.550326e+00,7.370491e+00,-9.131711e+00,-7.671523e+00,3.365287e+00,3.173164e-02,1.460763e+02,7.164473e-01,2.359045e-04,1.324575e+00,-4.750928e-01,-1.701264e+00,-1.019630e+00,-5.231583e-01,-1.425198e-01,1.359779e+00,7.018947e-01,4.874753e-01,-1.658401e-01,-1.430021e+00,-1.150128e+00,2.598972e-03,-4.460701e-01,2.959877e-02
2.352332e-03,1.641492e+00,-2.040145e+00,-2.277176e+01,-5.337946e+00,-2.664285e-01,2.685985e+00,2.686753e+00,7.320959e+00,7.655942e+00,-7.904537e+00,-7.172632e+00,1.484393e+00,3.324267e-02,9.597300e+01,6.933448e-01,-1.140148e-06,6.001149e-01,2.934732e-01,-3.984547e-01,-4.738359e-01,-7.493382e-01,-6.356139e-02,1.157422e+00,5.725402e-01,1.413635e-01,1.484558e+00,1.368211e-01,-1.554842e+00,2.357208e-03,-2.923797e+01,5.441135e-03
2.183780e-03,1.901048e+00,-9.909551e-01,-2.237904e+01,-5.635277e+00,-3.291243e-01,2.127077e+00,2.757277e+00,8.819722e+00,7.248446e+00,-5.294971e+00,-6.612921e+00,1.175065e-01,3.414929e-02,4.861638e+01,6.945989e-01,-2.272110e-04,-2.557628e-02,9.202918e-01,1.464712e+00,2.906009e-01,-4.449031e-01,-3.234337e-02,3.004239e-01,-3.499134e-01,3.591428e-02,2.168799e+00,8.893887e-01,-1.547151e+00,2.689636e-03,-3.881255e+01,-1.772236e-02
1.769630e-03,1.705078e+00,1.388353e-01,-1.978419e+01,-4.878160e+00,-7.976161e-01,2.767529e+00,2.992135e+00,6.470732e+00,7.049303e+00,-2.899814e+00,-4.948673e+00,-1.861994e+00,3.596253e-02,0,6.701124e-01,-3.213708e-04,-7.365067e-01,7.317451e-01,2.729078e+00,8.508474e-01,3.463655e-01,2.089396e-01,-4.680189e-01,-1.280893e+00,-2.810950e-02,2.031553e+00,7.751404e-01,-1.219356e+00,3.686915e-03,-2.405624e+01,-6.428434e-02
1.411368e-03,9.262331e-01,9.101584e-01,-1.598369e+01,-3.666102e+00,2.726234e-01,2.213420e+00,5.229782e-01,4.225873e+00,7.853382e+00,-7.900764e-01,-4.336559e+00,-2.697273e+00,4.381989e-02,0,6.394517e-01,-3.005262e-04,-1.464015e+00,3.873520e-01,3.050327e+00,9.557044e-01,4.334713e-01,1.540674e-01,-1.497669e-01,-9.907296e-01,-2.278970e-01,1.681689e+00,3.788733e-01,-4.703596e-01,3.203385e-03,-9.723276e+00,-1.294418e-01
1.131684e-03,-1.553633e+00,6.680236e-01,-1.232404e+01,-2.068297e+00,1.164525e+00,3.687512e+00,1.463808e+00,3.213417e+00,7.212927e+00,7.781982e-04,-4.435112e+00,-3.204997e+00,4.684195e-02,0,3.994967e-01,-1.961202e-04,-2.027832e+00,-6.774011e-02,2.260577e+00,2.955295e-01,3.143052e-01,4.093602e-01,6.645643e-01,-2.729283e-01,-1.108911e+00,1.072156e+00,-2.956924e-01,6.069779e-01,-5.137514e-04,0,-1.460876e-01
1.000122e-03,-3.789673e+00,6.812109e-01,-1.085748e+01,-2.261687e+00,8.571615e-01,2.437423e+00,2.772606e+00,5.494731e+00,6.027149e+00,1.663178e+00,-4.975336e+00,-1.562790e+00,4.472650e-02,0,1.826978e-01,-8.657044e-05,-2.162390e+00,-3.065830e-01,9.822605e-01,-4.768306e-01,-5.197614e-01,1.342365e-01,1.392209e+00,5.398968e-01,-1.750243e+00,1.225138e+00,-4.390920e-01,1.474895e+00,-2.961621e-03,0,-1.174246e-01
9.946522e-04,-6.076126e+00,-8.539148e-02,-1.104441e+01,-4.102720e+00,4.816410e-01,4.702328e+00,5.190143e+00,4.471661e+00,2.417866e+00,1.234340e+00,-6.107746e+00,6.056539e-01,3.294047e-02,0,1.680513e-01,-3.878609e-07,-1.761444e+00,-1.795456e-01,1.340563e-01,-6.743803e-01,-1.246248e+00,-3.476161e-01,1.060724e+00,6.735078e-01,-1.845226e+00,1.342454e+00,4.389443e-02,1.849777e+00,-1.783016e-03,0,-1.373391e-02
1.047031e-03,-7.624472e+00,-2.460490e-01,-1.171220e+01,-5.033043e+00,-1.984742e+00,2.377194e+00,5.620858e+00,6.296235e+00,1.499698e+00,4.718834e+00,-5.695702e+00,2.771876e+00,3.596253e-02,0,1.680513e-01,3.060819e-05,-1.122877e+00,2.310932e-02,-6.548844e-02,2.561345e-02,-1.445027e+00,-5.873271e-01,6.567983e-02,6.691040e-01,-8.156258e-01,1.155773e+00,2.405639e-01,1.075258e+00,5.741924e-04,0,1.449017e-02
1.106290e-03,-8.443452e+00,2.339258e-01,-1.122640e+01,-4.054520e+00,-3.645763e+00,1.979546e+00,5.343303e+00,6.180205e+00,2.505240e-01,5.185219e+00,-3.855456e+00,3.876558e+00,4.230886e-02,0,3.381504e-01,1.073063e-05,-3.153432e-01,2.739916e-01,-3.572979e-02,5.976557e-01,-9.364859e-01,-4.266043e-01,-1.019038e+00,4.341337e-01,5.059856e-01,5.307149e-01,2.812850e-01,-6.963345e-02,-9.972800e-04,0,6.143510e-04
1.097344e-03,-8.220393e+00,6.370989e-01,-1.109393e+01,-2.157720e+00,-4.304272e+00,8.621783e-01,3.024425e+00,7.985980e+00,3.032691e+00,5.466601e+00,-4.898661e+00,2.178048e+00,4.291327e-02,0,1.700991e-01,-3.125476e-05,1.305846e-01,6.367183e-02,-1.937563e-01,4.674008e-01,1.659334e-02,6.526794e-01,-1.533611e+00,-4.671251e-01,9.849339e-01,-6.930143e-01,4.283625e-01,-9.395325e-01,-4.925960e-03,0,-5.041539e-02
1.023149e-03,-7.354882e+00,8.429925e-01,-1.153220e+01,-2.552104e+00,-3.041023e+00,3.326815e+00,1.393169e+00,5.797457e+00,4.181298e+00,3.514031e+00,-5.099841e+00,5.544005e-01,2.447869e-02,0,1.700991e-01,-5.899696e-05,2.394688e-01,-2.651457e-01,-5.244349e-01,-1.330574e-01,6.589997e-01,1.112991e+00,-1.351977e+00,-1.119381e+00,8.167561e-01,-1.411685e+00,7.143199e-01,-9.142455e-01,-3.294047e-03,0,-8.464000e-02
9.323279e-04,-7.515834e+00,-2.322232e-01,-1.252808e+01,-3.447248e+00,-2.204145e+00,4.966957e+00,-7.213220e-02,4.151983e+00,4.458981e+00,2.089357e+00,-2.931697e+00,-2.647080e-01,2.024781e-02,0,0,-5.905308e-05,5.838318e-02,-3.327857e-01,-6.511433e-01,-6.524619e-01,4.899017e-01,9.309923e-01,-5.360573e-01,-1.630950e+00,-5.538466e-02,-1.227440e+00,1.478381e+00,-2.297213e-01,5.802358e-03,0,-5.102973e-02
8.938133e-04,-7.598387e+00,-6.571420e-01,-1.313150e+01,-4.075043e+00,-1.400828e+00,5.492109e+00,1.316963e-01,2.500300e+00,3.621160e+00,-1.845859e-01,-1.267339e+00,5.267078e-01,3.717135e-02,0,0,-3.391274e-05,-1.880670e-01,-2.601973e-01,-4.450065e-01,-8.003818e-01,-2.544102e-01,-8.315687e-02,1.111753e-01,-9.059559e-01,-1.831343e-01,-5.992843e-01,8.831499e-01,1.774714e-01,1.547295e-02,0,-3.401982e-02
8.667466e-04,-7.806725e+00,-2.767621e-01,-1.355000e+01,-4.658559e+00,-2.674861e+00,4.434493e+00,9.748749e-01,1.479807e+00,3.035836e+00,1.178711e+00,5.769909e-01,1.043288e+00,6.557873e-02,0,0,1.990236e-06,-4.354568e-01,-6.326999e-02,-1.905994e-02,-7.439975e-01,-1.016805e+00,-8.334247e-01,6.876974e-01,-9.419803e-02,-8.547477e-02,3.774978e-01,1.397389e-01,3.366225e-01,1.508008e-02,0,0
8.863757e-04,-8.149772e+00,-4.357247e-01,-1.324627e+01,-5.948357e+00,-4.077716e+00,3.177263e+00,1.425542e+00,2.603765e+00,3.977198e+00,9.729326e-01,-2.438435e+00,7.877595e-01,7.917800e-02,0,0,2.633881e-05,-6.470394e-01,-2.241769e-01,7.504533e-01,-5.449872e-01,-1.527456e+00,-6.252843e-01,7.991931e-01,2.408273e-01,1.162584e-01,9.009371e-01,-6.865115e-01,-9.025888e-02,4.956180e-03,0,0
9.459979e-04,-9.417426e+00,-6.592818e-01,-1.256599e+01,-6.230578e+00,-5.949726e+00,1.957257e+00,2.719432e+00,3.629260e+00,3.853587e+00,3.398087e+00,-1.647454e+00,1.287879e+00,7.464491e-02,0,0,3.213587e-05,-7.074898e-01,-4.062746e-01,1.663904e+00,2.832146e-02,-1.104948e+00,7.828635e-01,8.327461e-01,-5.620744e-02,5.070679e-01,8.368896e-01,-8.375486e-01,-2.155816e-01,-8.763976e-03,0,0
9.858817e-04,-1.002823e+01,-1.586767e+00,-9.871231e+00,-6.013970e+00,-7.400673e+00,3.604306e+00,3.255383e+00,2.629710e+00,3.793576e+00,3.210412e+00,-3.587674e+00,-4.688199e-02,5.741916e-02,0,0,1.625129e-05,-2.116404e-01,1.196905e-01,2.276425e+00,5.108808e-01,-8.240811e-01,1.480183e+00,4.776949e-01,-3.856970e-01,6.125553e-01,6.065829e-01,-4.744883e-01,-4.105825e-01,-1.689332e-02,0,0
9.776730e-04,-1.040494e+01,-1.732614e+00,-6.918001e+00,-4.484146e+00,-6.538124e+00,8.135288e+00,4.223685e+00,1.185798e+00,5.662987e+00,4.244419e+00,-3.036133e+00,3.827009e-01,3.263826e-02,0,0,2.112589e-05,8.634803e-01,7.809769e-01,2.113220e+00,4.243278e-01,-8.745691e-01,8.265878e-01,-1.492558e-01,-3.507582e-01,6.592638e-01,-1.530932e-01,-2.149272e-01,-5.151969e-01,-1.662134e-02,0,4.476730e-02
9.517946e-04,-8.714215e+00,6.993939e-01,-4.688144e+00,-4.267169e+00,-7.903923e+00,7.489160e+00,3.061890e+00,1.897011e+00,6.135275e+00,3.582681e+00,-4.116537e+00,-8.125641e-01,1.571472e-02,0,0,7.045506e-05,1.994577e+00,1.369790e+00,9.626023e-01,-1.275685e-01,-1.420815e+00,-1.266903e+00,-4.131506e-01,8.975544e-02,1.415857e-01,-4.605353e-01,6.218537e-01,-6.758447e-01,-9.156846e-03,9.755126e+00,1.154829e-01
1.068671e-03,-5.757034e+00,2.102522e+00,-4.591437e+00,-4.982339e+00,-1.007095e+01,4.147768e+00,2.069900e+00,2.241818e+00,5.979057e+00,2.446486e+00,-2.457658e+00,-9.052644e-01,1.239045e-02,0,2.238365e-01,1.588738e-04,2.562972e+00,7.693403e-01,-5.944500e-01,-6.719641e-01,-1.863963e+00,-2.910668e+00,-7.861547e-02,4.058051e-01,-6.124809e-01,-6.649795e-01,1.054315e+00,-7.960142e-01,-6.044227e-05,2.446107e+01,1.890285e-01
1.292658e-03,-2.379302e+00,3.344617e+00,-6.221502e+00,-6.402716e+00,-1.273834e+01,-7.364488e-01,2.266523e+00,2.550477e+00,4.343470e+00,1.806702e+00,-7.676427e-01,-2.782123e+00,2.175884e-02,4.877563e+01,4.654965e-01,2.344267e-04,2.219735e+00,-6.445658e-01,-2.032310e+00,-1.995034e-02,-9.018885e-01,-2.562397e+00,7.865673e-01,6.126782e-01,-9.708664e-01,-1.165825e+00,1.254887e+00,-2.264490e-01,4.714415e-03,3.932487e+01,1.961809e-01
1.601610e-03,-7.575383e-01,7.914762e-01,-9.123572e+00,-6.776193e+00,-1.344073e+01,-2.305245e+00,4.228291e+00,2.888090e+00,3.496485e+00,1.807511e+00,5.609964e-01,-2.612591e+00,2.931399e-02,9.791754e+01,7.123940e-01,2.644234e-04,1.425509e+00,-1.791143e+00,-2.831795e+00,1.066766e+00,7.272636e-01,-1.118574e+00,1.115282e+00,6.803805e-01,-8.031731e-01,-2.034253e+00,3.781859e-01,4.264773e-01,4.170445e-03,3.971273e+01,1.304321e-01
1.857458e-03,-1.152871e-01,-1.867912e+00,-1.258363e+01,-3.469994e+00,-1.072847e+01,-2.096320e+00,5.915531e+00,4.637266e+00,2.522229e+00,-1.926959e+00,6.485686e-01,-1.091146e+00,3.082502e-02,1.476656e+02,7.366260e-01,2.654573e-04,7.230328e-01,-2.462723e+00,-2.928268e+00,1.805753e+00,2.409691e+00,6.397331e-01,5.029761e-01,4.977611e-01,-1.037578e-01,-2.914836e+00,-7.047612e-01,1.385573e+00,1.027501e-03,1.536034e+01,5.421031e-02
2.108388e-03,2.385017e-01,-4.246930e+00,-1.556935e+01,-1.114873e+00,-7.439561e+00,-7.651668e-01,5.821804e+00,4.600327e+00,2.873812e+00,-5.857948e+00,-1.274834e+00,3.816338e-01,2.870958e-02,1.491187e+02,7.404323e-01,1.994855e-04,3.868805e-01,-1.822259e+00,-2.323498e+00,1.283167e+00,3.219258e+00,1.292451e+00,-6.609909e-01,5.680847e-01,5.737214e-01,-2.762616e+00,-1.410899e+00,1.854172e+00,-1.450589e-03,-1.430665e+01,-7.369071e-03
2.366556e-03,7.378419e-01,-6.449797e+00,-1.763996e+01,-2.046094e-01,-3.690468e+00,1.692178e+00,3.984647e+00,4.183164e+00,4.136018e+00,-8.934751e+00,-3.373533e+00,2.648630e+00,2.719855e-02,9.997677e+01,7.225289e-01,7.239566e-05,2.314132e-01,-8.675984e-01,-1.189213e+00,9.508087e-02,2.750977e+00,9.251789e-01,-1.307837e+00,1.039452e+00,7.046698e-01,-1.273003e+00,-1.499021e+00,1.972326e+00,-3.022061e-03,-3.942212e+01,-2.446959e-02
2.344489e-03,7.502998e-01,-6.028875e+00,-1.821290e+01,-1.993049e+00,-8.634439e-01,2.262759e+00,1.888779e+00,5.955564e+00,5.558197e+00,-8.501672e+00,-4.482446e+00,4.788384e+00,2.387428e-02,5.022869e+01,6.825972e-01,-1.252070e-04,8.677086e-03,1.868999e-01,9.788303e-02,-4.948353e-01,1.602680e+00,1.687821e-01,-8.335665e-01,1.679926e+00,2.426432e-01,6.406085e-01,-5.680590e-01,1.602933e+00,-4.230885e-03,-3.982141e+01,-3.503204e-02
2.101386e-03,7.858801e-01,-5.314931e+00,-1.720792e+01,-2.555502e+00,-2.616470e-01,1.015612e+00,1.342860e+00,9.156909e+00,4.703385e+00,-6.970110e+00,-5.242730e+00,6.567110e+00,1.813237e-02,0,6.431956e-01,-2.846241e-04,-3.507972e-01,9.585609e-01,1.242092e+00,-2.250857e-01,1.288214e-01,-6.394630e-01,7.008988e-02,1.773122e+00,-2.812958e-01,1.941545e+00,1.275862e-01,5.206382e-01,-5.107283e-03,-2.501822e+01,-3.560492e-02
1.614938e-03,2.578681e-01,-3.879863e+00,-1.529595e+01,-2.413603e+00,-1.140572e+00,4.170270e-01,2.974864e+00,1.051308e+01,3.803344e+00,-3.637226e+00,-3.180531e+00,6.437056e+00,1.208824e-02,0,6.049387e-01,-3.166336e-04,-6.447352e-01,1.141153e+00,1.812281e+00,2.506403e-01,-8.844149e-01,-9.841191e-01,5.207833e-01,1.235879e+00,-2.039291e-01,2.080370e+00,6.118953e-01,-4.828179e-01,-4.865518e-03,-1.004574e+01,-2.567722e-02
1.308211e-03,-7.699283e-01,-2.731498e+00,-1.288797e+01,-1.119761e+00,-2.907797e+00,-5.822715e-01,3.792053e+00,1.077001e+01,3.606965e+00,-1.659249e+00,-3.386560e+00,4.427485e+00,7.555153e-03,0,5.833336e-01,-2.460800e-04,-8.796331e-01,1.065124e+00,1.648047e+00,2.254464e-01,-1.034298e+00,-7.348008e-01,3.542120e-01,4.766164e-01,3.182373e-01,1.400779e+00,4.125251e-01,-1.056457e+00,-3.686914e-03,0,-1.363072e-02
1.157908e-03,-1.695472e+00,-1.614828e+00,-1.131147e+01,-1.457718e+00,-3.962443e+00,-1.858895e+00,3.268099e+00,1.132841e+01,5.086762e+00,-7.552495e-01,-2.351054e+00,3.444107e+00,4.835298e-03,0,5.841421e-01,-1.306616e-04,-9.255499e-01,6.845716e-01,7.625370e-01,-2.547277e-01,-6.138695e-01,-2.307923e-01,5.288498e-02,1.578526e-01,2.582783e-01,2.058662e-01,2.470969e-01,-6.575023e-01,-1.631913e-03,0,-4.099532e-02
1.099500e-03,-2.635616e+00,-1.121829e+00,-1.095993e+01,-1.906212e+00,-4.022203e+00,-1.520432e+00,2.967302e+00,1.113233e+01,5.652863e+00,-1.407203e+00,-3.594843e+00,2.781299e+00,3.324267e-03,0,5.854403e-01,-6.936076e-05,-8.718281e-01,2.713591e-01,-2.593914e-01,-8.619322e-01,-1.665562e-01,3.571504e-01,2.422647e-01,-2.510616e-01,-2.875579e-01,-5.160109e-01,6.176583e-01,2.432588e-01,1.752795e-03,0,-9.678295e-02
1.065985e-03,-3.437038e+00,-1.261840e+00,-1.244729e+01,-3.294016e+00,-3.652716e+00,-2.678543e-01,3.651665e+00,1.112119e+01,4.071786e+00,-2.733918e+00,-1.840905e+00,3.972637e+00,6.044122e-03,0,3.989088e-01,-4.492798e-05,-7.863779e-01,-4.416255e-02,-6.809740e-01,-9.460710e-01,1.184853e-01,3.498638e-01,1.994103e-01,-7.836784e-01,-9.821715e-01,-7.159260e-01,7.347663e-01,5.846510e-01,5.590813e-03,0,-1.561689e-01
1.007369e-03,-4.258286e+00,-1.551197e+00,-1.361702e+01,-4.511273e+00,-3.895441e+00,4.079601e-01,4.811594e+00,9.618316e+00,2.676664e+00,-3.249969e+00,-5.533438e-01,5.379513e+00,1.571472e-02,0,1.920355e-01,-3.685326e-05,-6.372417e-01,-2.206424e-01,-2.295667e-01,-3.884472e-01,4.052246e-01,3.304681e-01,-4.816105e-02,-1.198684e+00,-1.050871e+00,-4.712377e-01,3.876079e-01,3.796378e-01,9.005742e-03,0,-1.569789e-01
9.793340e-04,-4.816027e+00,-1.620957e+00,-1.338779e+01,-4.885542e+00,-3.433398e+00,-1.073772e+00,3.343004e+00,8.167023e+00,1.664004e+00,-3.413496e+00,-1.979726e-01,5.068255e+00,2.659414e-02,0,0,-3.292935e-05,-5.124884e-01,-9.690063e-02,5.549164e-01,8.454572e-01,9.772007e-01,3.014173e-01,-6.773277e-01,-1.561924e+00,-5.802401e-01,-8.068467e-03,-3.337207e-01,-1.342527e-01,9.066183e-03,0,-9.898530e-02
9.585596e-04,-5.132329e+00,-2.045482e+00,-1.163751e+01,-3.052685e+00,-2.105739e+00,5.348679e-01,2.880827e+00,6.615993e+00,1.602399e+00,-3.423602e+00,-2.478269e+00,4.131679e+00,3.807797e-02,0,0,-1.946969e-05,-5.034130e-01,2.701163e-02,1.150261e+00,1.911864e+00,1.529493e+00,3.797676e-01,-7.834173e-01,-1.014704e+00,-1.601714e-01,7.680066e-01,-4.079600e-01,-3.507977e-01,5.651254e-03,0,-3.840709e-02
9.257428e-04,-5.562458e+00,-1.499200e+00,-1.066246e+01,2.039761e-01,3.384365e-01,1.175778e+00,1.230410e+00,4.812730e+00,1.707718e+00,-2.687444e+00,-2.547046e+00,3.925291e+00,4.019341e-02,0,0,2.437684e-05,-8.328741e-01,-2.863094e-01,9.575125e-01,1.881698e+00,1.641896e+00,-4.083655e-02,-2.156170e-01,-1.619983e-01,-2.321107e-01,1.644297e+00,-4.348098e-01,5.456314e-02,-3.928676e-04,0,3.825784e-02
9.368163e-04,-6.402135e+00,-1.477017e+00,-9.228375e+00,2.503286e+00,1.866107e+00,1.182023e+00,1.950805e+00,6.221943e+00,1.853950e+00,2.270376e-01,-1.418607e+00,4.197007e+00,3.717135e-02,0,0,6.047900e-05,-7.923731e-01,-3.808002e-01,6.890482e-01,7.893744e-01,9.064552e-01,-1.137190e+00,4.228908e-01,8.244718e-01,-5.829657e-01,2.007944e+00,-7.024860e-01,1.306060e-01,-5.983680e-03,0,8.750083e-02
1.112090e-03,-8.345494e+00,-3.336736e+00,-9.804796e+00,1.744961e+00,2.790158e+00,-1.601532e+00,2.729931e+00,7.554056e+00,3.776746e-01,2.982671e+00,-2.901853e+00,5.308407e+00,2.508311e-02,0,1.912892e-01,8.328845e-05,-1.845760e-01,-3.686230e-01,2.113274e-01,-9.137446e-01,-2.123785e-01,-1.638780e+00,7.837282e-01,1.455224e+00,-4.306953e-01,1.059050e+00,-1.649189e+00,-2.837526e-01,-8.008462e-03,0,1.459502e-01
1.167781e-03,-7.702677e+00,-3.030715e+00,-8.621100e+00,1.236948e-01,1.200676e+00,-3.762426e+00,4.245520e+00,9.367690e+00,-6.474075e-01,3.781060e+00,-5.813296e+00,4.093151e+00,1.571472e-02,0,3.418595e-01,7.621900e-05,9.606706e-01,1.546302e-01,-2.927428e-01,-2.066253e+00,-1.199643e+00,-1.228538e+00,4.280663e-01,1.037531e+00,1.861005e-01,-6.056563e-01,-1.950583e+00,-8.140337e-01,-5.893019e-03,1.040232e+01,1.582111e-01
1.226703e-03,-5.835067e+00,-2.565466e+00,-9.909461e+00,-3.174952e+00,-3.907403e-01,-4.545895e+00,4.001693e+00,1.051598e+01,8.049204e-01,8.307955e-01,-8.595644e+00,2.558456e+00,1.087942e-02,0,5.588214e-01,8.911295e-05,1.707237e+00,2.957584e-01,-8.845046e-01,-2.288347e+00,-1.102880e+00,4.668388e-01,-7.817981e-02,3.292410e-01,7.612801e-01,-2.012905e+00,-1.627968e+00,-1.149306e+00,-4.533092e-04,2.580142e+01,1.288882e-01
1.260605e-03,-2.853996e+00,-1.089502e+00,-1.063976e+01,-5.368025e+00,-2.541661e+00,-3.488487e+00,3.455255e+00,9.928639e+00,2.570829e+00,-1.725307e+00,-8.324627e+00,1.501814e+00,1.480810e-02,5.201159e+01,6.072893e-01,1.633333e-04,1.531741e+00,-2.425050e-01,-1.614992e+00,-1.756802e+00,4.556371e-02,2.051176e+00,-5.258075e-01,-8.221102e-01,5.370902e-01,-2.472560e+00,-1.011362e+00,-6.764602e-01,4.321548e-03,4.100314e+01,9.332303e-02
1.511243e-03,-2.233650e+00,-2.828551e+00,-1.321799e+01,-6.950915e+00,-8.530734e-01,5.956923e-01,2.734164e+00,8.919786e+00,2.574957e+00,-4.328670e+00,-9.786027e+00,8.575465e-01,2.326987e-02,1.030013e+02,7.030154e-01,2.194925e-04,1.046262e+00,-6.902898e-01,-1.679227e+00,-7.773341e-01,1.267116e+00,2.724377e+00,-1.062644e+00,-1.346109e+00,3.427730e-01,-1.923331e+00,-5.345594e-01,-3.923152e-01,6.950741e-03,4.035291e+01,4.978774e-02
1.842177e-03,-1.844680e+00,-4.111698e+00,-1.504179e+01,-6.772334e+00,1.659661e+00,3.922658e+00,2.250247e+00,6.055234e+00,1.153026e+00,-6.002008e+00,-1.027492e+01,1.561305e+00,3.112723e-02,1.535150e+02,7.363777e-01,1.898336e-04,6.155431e-01,-4.581684e-01,-1.472052e+00,-2.030600e-01,1.640601e+00,2.054472e+00,-1.704439e+00,-1.234547e+00,1.105759e+00,-6.235290e-01,-1.535039e-01,-6.554459e-01,5.832578e-03,1.440345e+01,2.822757e-02
2.033379e-03,-1.108415e+00,-4.505817e+00,-1.610458e+01,-6.359468e+00,3.844181e+00,5.370419e+00,-7.090232e-01,5.722134e+00,3.227687e+00,-6.647509e+00,-1.029330e+01,5.671343e-01,3.747356e-02,1.510128e+02,7.432160e-01,2.324714e-05,4.995782e-01,7.168649e-01,-2.593861e-01,3.226162e-01,4.739994e-01,2.705894e-01,-2.251280e+00,-8.064094e-01,1.952052e+00,9.236827e-01,6.485098e-01,-1.120407e+00,2.387428e-03,-1.604758e+01,-5.817926e-03
1.948705e-03,-3.388983e-01,-2.541711e+00,-1.655672e+01,-6.679049e+00,3.312719e+00,4.396509e+00,-3.345345e+00,5.354730e+00,7.773260e+00,-3.683532e+00,-8.838511e+00,-1.630209e+00,3.686915e-02,1.000231e+02,7.283269e-01,-1.701157e-04,2.624596e-01,1.766970e+00,1.152999e+00,4.446588e-01,-1.125781e+00,-1.291071e+00,-2.067470e+00,-4.419571e-01,1.770900e+00,2.075769e+00,1.087408e+00,-1.075313e+00,-1.722576e-03,-4.085336e+01,-2.668966e-02
1.574215e-03,-4.886500e-01,-2.922018e-02,-1.375746e+01,-5.384476e+00,6.903947e-01,1.711714e+00,-5.724440e+00,5.237992e+00,9.025102e+00,-8.694946e-01,-7.261680e+00,-3.148731e+00,3.233605e-02,4.950937e+01,6.779512e-01,-2.768598e-04,-1.469423e-01,1.970348e+00,2.328115e+00,6.651694e-01,-1.858663e+00,-1.969679e+00,-1.268321e+00,-7.789422e-01,-1.182448e-01,2.217867e+00,1.192165e+00,-4.327549e-01,-4.261107e-03,-4.020488e+01,-7.708880e-02
1.221181e-03,-8.422645e-01,2.484852e+00,-1.045036e+01,-5.036536e+00,-2.392353e+00,-7.033452e-01,-5.579395e+00,4.087520e+00,7.108819e+00,1.487828e+00,-6.353686e+00,-1.957326e+00,2.508310e-02,0,6.355618e-01,-2.481794e-04,-3.450195e-01,1.406620e+00,2.416245e+00,5.493897e-01,-1.513763e+00,-1.592717e+00,-1.799134e-01,-9.938663e-01,-1.944858e+00,1.120350e+00,6.213254e-01,2.548905e-01,-2.780296e-03,-2.495556e+01,-1.322038e-01
1.012841e-03,-1.591443e+00,2.832644e+00,-7.517183e+00,-3.854877e+00,-2.596597e+00,-1.928049e+00,-5.933603e+00,2.461028e+00,2.968683e+00,1.856148e+00,-5.574884e+00,-1.433082e+00,2.206104e-02,0,4.041545e-01,-1.468577e-04,-2.679493e-01,6.889609e-01,1.437664e+00,1.553421e-01,-6.855435e-01,-7.303513e-01,5.897735e-01,-9.048368e-01,-2.374643e+00,9.568425e-02,1.078447e-01,3.557765e-01,9.066192e-04,-9.901874e+00,-1.787258e-01
9.884945e-04,-1.512599e+00,3.060457e+00,-7.595634e+00,-4.696899e+00,-2.612600e+00,-1.747195e+00,-4.140331e+00,1.773880e+00,1.077180e+00,5.553947e-01,-6.575283e+00,-1.213581e+00,2.810517e-02,0,2.042060e-01,-4.887045e-05,-2.544510e-02,2.897715e-01,3.378298e-01,-1.934271e-01,-3.053966e-01,8.060458e-02,1.000706e+00,-1.460657e-01,-1.605296e+00,-7.768081e-01,-4.360034e-01,1.404024e-01,3.807797e-03,0,-1.271713e-01
9.562696e-04,-1.493229e+00,3.127782e+00,-7.996500e+00,-4.777584e+00,-2.627199e+00,-1.418117e+00,-3.495105e+00,1.870627e+00,1.677050e-01,7.514343e-02,-6.611658e+00,-1.741721e+00,3.535812e-02,0,0,7.928582e-06,1.522264e-01,3.833795e-01,-2.108684e-01,-2.914779e-01,-5.362018e-01,4.429916e-01,1.391294e+00,7.259814e-01,-6.904184e-01,-1.017776e+00,-5.137087e-01,3.051241e-01,1.783016e-03,0,-2.071437e-03
1.005115e-03,-1.018597e+00,3.786140e+00,-8.521553e+00,-5.542318e+00,-3.904035e+00,-5.552885e-01,-1.795116e+00,3.652391e+00,4.828281e-01,-1.505710e+00,-8.015316e+00,-1.100995e+00,3.747356e-02,0,2.017825e-01,2.724131e-05,7.329325e-02,5.281924e-01,4.602323e-02,1.537677e-01,-5.050461e-01,2.627235e-01,1.008016e+00,8.616579e-01,-3.918360e-01,-6.202573e-01,-7.412310e-02,3.088385e-01,-3.807798e-03,0,1.163459e-01
1.044174e-03,-1.077312e+00,4.386699e+00,-8.108566e+00,-4.889557e+00,-4.631888e+00,-3.090452e-01,-1.497428e-01,5.151680e+00,-1.862325e-01,-2.202179e+00,-7.423410e+00,3.624554e-02,2.629193e-02,0,3.950091e-01,2.765328e-05,-7.185216e-02,4.988202e-01,3.993631e-01,6.610597e-01,-1.983636e-01,-2.712085e-01,6.434661e-01,2.820812e-01,-5.258809e-01,-8.860610e-02,3.153348e-01,2.185437e-01,-7.887580e-03,0,1.562463e-01
1.080749e-03,-1.354091e+00,5.071960e+00,-7.309485e+00,-3.872074e+00,-4.135486e+00,-9.881139e-01,-7.729313e-01,4.441643e+00,-7.050316e-01,-1.407230e+00,-6.540022e+00,-5.583720e-01,1.359927e-02,0,5.884308e-01,3.943534e-06,-2.109769e-01,4.215283e-01,5.348699e-01,9.301555e-01,4.871629e-01,-9.129617e-01,-6.244624e-01,-6.340812e-01,-1.790053e-01,6.845096e-01,6.242591e-01,-2.584990e-01,-6.316108e-03,0,5.786952e-02
1.056719e-03,-1.684743e+00,4.978973e+00,-6.605718e+00,-2.307407e+00,-3.503291e+00,-2.557747e+00,-7.888669e-01,2.886408e+00,-1.867770e+00,-4.171269e-01,-5.772631e+00,-9.203135e-01,7.857359e-03,0,5.879075e-01,-1.945212e-05,-1.498314e-01,3.534650e-01,3.091445e-01,8.148060e-01,9.790982e-01,-8.917397e-01,-1.444548e+00,-1.069242e+00,5.519854e-01,6.338590e-01,2.225974e-01,-5.955301e-01,3.324265e-04,0,-5.812498e-02
1.018560e-03,-1.769766e+00,5.597645e+00,-6.598628e+00,-2.182616e+00,-2.032519e+00,-3.995746e+00,-4.597866e+00,1.614621e+00,4.285704e-01,1.024312e+00,-5.719410e+00,-1.915210e+00,1.511031e-02,0,3.946809e-01,-1.702851e-05,1.063361e-01,2.290409e-01,-1.919523e-01,3.789738e-01,9.178261e-01,-6.663581e-01,-1.506920e+00,-7.412063e-01,1.344763e+00,4.306137e-01,-6.956787e-02,-4.049063e-01,6.044122e-03,0,-1.117275e-01
9.780080e-04,-1.618632e+00,5.891182e+00,-6.918272e+00,-1.660257e+00,-7.878808e-01,-3.263928e+00,-5.460016e+00,1.218979e+00,2.006894e+00,-2.486548e-01,-6.720729e+00,-2.262986e+00,2.719855e-02,0,2.012592e-01,2.181169e-05,3.333465e-01,-2.457651e-01,-3.353310e-01,-7.183122e-03,6.758473e-02,-2.655135e-01,-4.672640e-01,1.825945e-01,1.815111e+00,2.873711e-01,4.237909e-02,-1.542436e-01,7.041402e-03,0,-4.363970e-02
1.034962e-03,-8.554663e-01,5.761060e+00,-8.112969e+00,-2.300781e+00,-9.040608e-01,-3.966814e+00,-5.971955e+00,1.569325e+00,4.081453e+00,6.616023e-01,-6.413812e+00,-1.911567e+00,3.414929e-02,0,2.231176e-01,8.371838e-05,4.401777e-01,-8.391096e-01,-2.099051e-01,-4.449608e-01,-1.424337e+00,4.130235e-02,1.586739e+00,1.066935e+00,1.445630e+00,5.156816e-01,6.485583e-01,-1.568802e-01,3.475370e-03,9.452328e+00,8.501326e-02
1.157577e-03,-4.751603e-01,3.668440e+00,-7.525202e+00,-2.284240e+00,-3.729597e+00,-3.899781e+00,-2.438143e+00,3.822028e+00,5.381345e+00,1.201083e+00,-5.213535e+00,-1.693353e+00,3.354488e-02,0,4.554906e-01,1.180428e-04,2.722837e-01,-1.106052e+00,2.890365e-01,-9.361712e-01,-2.531197e+00,5.006852e-01,2.930877e+00,1.391816e+00,9.601799e-01,7.545218e-01,1.390630e+00,-7.549669e-01,6.044153e-05,2.355969e+01,1.478740e-01
1.347368e-03,-1.406136e-01,2.513468e+00,-7.344688e+00,-4.095428e+00,-7.683347e+00,-3.471308e+00,1.824893e+00,5.647774e+00,5.969495e+00,2.877851e+00,-3.230216e+00,-2.984427e+00,2.931399e-02,4.726164e+01,6.926314e-01,1.034391e-04,2.882665e-02,-8.533382e-01,6.861946e-01,-1.230957e+00,-2.633580e+00,1.363461e+00,3.508727e+00,8.372839e-01,-1.377058e-03,5.026652e-01,1.206256e+00,-1.519717e+00,-1.027500e-03,3.769361e+01,1.220973e-01
1.412019e-03,-6.146399e-01,1.984720e+00,-5.857231e+00,-5.443789e+00,-1.005422e+01,-1.008255e+00,5.295946e+00,6.138835e+00,5.863772e+00,2.415830e+00,-1.359379e+00,-5.501390e+00,2.991840e-02,9.416763e+01,7.058721e-01,4.541518e-05,-9.412473e-02,-2.579484e-01,5.662901e-01,-1.146539e+00,-1.632502e+00,1.675289e+00,2.674965e+00,-3.739219e-02,-7.353035e-01,3.120601e-01,8.444091e-01,-1.667892e+00,-5.741917e-04,2.823677e+01,5.129313e-02
1.424936e-03,-6.415932e-01,2.336229e+00,-5.515982e+00,-6.875791e+00,-1.090965e+01,1.404727e+00,7.704634e+00,4.597341e+00,3.833354e+00,2.567555e+00,-2.309609e+00,-7.606131e+00,3.082502e-02,1.413842e+02,7.084133e-01,-9.880832e-06,-9.864371e-02,1.226607e-01,2.619382e-01,-5.311875e-01,-5.548962e-01,1.506550e+00,1.251181e+00,-2.937349e-01,-9.384753e-01,1.747451e-02,4.900987e-01,-8.543020e-01,-3.626469e-04,-1.351242e-02,8.894205e-04
1.345868e-03,-6.952941e-01,2.467318e+00,-5.608105e+00,-6.626752e+00,-1.027896e+01,2.038646e+00,7.996810e+00,4.160284e+00,2.772898e+00,2.916531e+00,-1.451793e+00,-7.721962e+00,2.991840e-02,9.412258e+01,7.040653e-01,-2.992245e-05,4.973345e-02,2.382189e-01,-2.661386e-01,2.849221e-02,1.183832e-01,6.184474e-01,-1.065720e-01,7.104540e-03,-7.792143e-01,2.331913e-01,1.053685e+00,2.385063e-01,-1.511028e-04,-2.825029e+01,-3.020263e-03
1.331039e-03,-5.935050e-01,2.885473e+00,-6.159560e+00,-6.159883e+00,-1.034546e+01,2.537992e+00,6.730364e+00,5.168375e+00,2.822556e+00,2.714873e+00,-7.335159e-01,-6.145651e+00,2.750076e-02,4.721660e+01,6.979819e-01,-3.420096e-05,5.001072e-02,1.311339e-01,-3.713950e-01,4.693808e-01,1.878802e-01,-4.256221e-01,-9.786121e-01,4.129063e-01,-2.836545e-01,1.005835e-01,1.626621e+00,1.070071e+00,4.533090e-04,-3.768910e+01,-4.267079e-03
1.309355e-03,-3.900168e-01,2.901192e+00,-6.866135e+00,-5.659281e+00,-9.744400e+00,1.517350e+00,5.250221e+00,5.888841e+00,2.473100e+00,3.508128e+00,3.121001e+00,-5.039098e+00,3.082502e-02,0,6.959864e-01,-4.088903e-05,-6.756463e-02,6.221843e-03,-6.855216e-02,6.861264e-01,-1.037130e-02,-1.360120e+00,-1.268174e+00,3.752237e-01,-2.541681e-01,-1.856872e-01,8.319420e-01,1.527276e+00,1.299486e-03,-2.354618e+01,-6.612671e-03
1.272187e-03,-5.441782e-01,2.774961e+00,-6.743942e+00,-5.012623e+00,-1.023752e+01,-4.627356e-01,4.184868e+00,5.797594e+00,2.564981e+00,2.774674e+00,3.537100e+00,-3.597207e+00,3.263826e-02,0,6.911173e-01,-6.831624e-05,-3.618235e-01,1.551492e-01,4.102320e-01,8.710631e-01,-8.994532e-02,-2.005749e+00,-1.259370e+00,-8.160810e-02,-5.434945e-01,-3.866798e-01,-4.402303e-01,1.321473e+00,1.994560e-03,-9.443319e+00,-5.344847e-02
1.170849e-03,-1.057781e+00,2.553682e+00,-5.658674e+00,-3.769751e+00,-1.038478e+01,-3.261591e+00,2.928688e+00,5.721793e+00,1.630845e+00,1.958195e+00,5.726092e-01,-1.359803e+00,3.384708e-02,0,6.744342e-01,-8.838963e-05,-6.712239e-01,3.501147e-01,7.842393e-01,9.313520e-01,3.132610e-02,-1.897323e+00,-1.148309e+00,-9.092827e-02,-5.340136e-01,-3.075784e-01,-1.404174e+00,1.075785e+00,3.898458e-03,0,-1.214391e-01
1.058711e-03,-2.068741e+00,3.834974e+00,-4.712130e+00,-2.749333e+00,-1.047500e+01,-5.101284e+00,1.594281e+00,4.843859e+00,5.262103e-01,1.556440e+00,-1.660471e+00,-1.377933e+00,3.596253e-02,0,4.415157e-01,-8.664768e-05,-9.597519e-01,4.513384e-01,6.029631e-01,4.994088e-01,1.546635e-01,-1.177030e+00,-5.458469e-01,2.863526e-01,-3.134732e-01,5.298578e-01,-3.914145e-01,1.247094e-01,6.678754e-03,0,-1.843077e-01
9.741455e-04,-2.983855e+00,4.121760e+00,-3.960844e+00,-2.134166e+00,-9.469033e+00,-5.649992e+00,8.039700e-01,5.911067e+00,8.224168e-01,2.579353e+00,-1.301085e+00,-7.698112e-01,4.865518e-02,0,2.135919e-01,-6.555115e-05,-1.143497e+00,1.727329e-01,9.723921e-02,3.924990e-03,4.587698e-02,-5.576069e-01,8.386972e-02,5.905151e-01,2.666521e-01,1.388888e+00,1.016878e+00,-3.415332e-01,7.162285e-03,0,-1.790384e-01
9.373007e-04,-4.379900e+00,4.247614e+00,-4.578042e+00,-3.333371e+00,-9.922081e+00,-5.153686e+00,2.517993e+00,7.134720e+00,1.401830e+00,5.113384e+00,2.516874e+00,-3.268656e+00,5.862798e-02,0,0,-4.165482e-05,-1.193910e+00,-3.788177e-01,-5.912083e-01,-4.299806e-01,-5.572405e-02,-3.150705e-01,6.342165e-01,5.728557e-01,8.748714e-01,1.789444e+00,1.376866e+00,-1.153418e-01,2.236326e-03,0,-1.096623e-01
9.037982e-04,-5.619686e+00,3.211026e+00,-5.239522e+00,-3.458107e+00,-1.043186e+01,-6.023424e+00,2.886181e+00,7.528938e+00,2.526296e+00,7.124164e+00,3.568327e+00,-2.122108e+00,5.832578e-02,0,0,-2.456029e-05,-1.085759e+00,-6.960146e-01,-9.839155e-01,-3.532392e-01,-4.519568e-02,-1.519589e-01,7.647725e-01,-5.502067e-02,9.725881e-01,1.418691e+00,7.008430e-01,6.319537e-01,-6.285886e-03,0,-4.271837e-02
8.856104e-04,-6.720374e+00,2.396252e+00,-7.028833e+00,-4.237266e+00,-1.027220e+01,-6.489920e+00,3.724258e+00,6.899202e+00,4.048628e+00,8.231254e+00,2.789153e+00,-1.278494e+00,4.230886e-02,0,0,-1.313431e-05,-7.932757e-01,-8.620629e-01,-1.061351e+00,-2.483218e-01,1.844777e-01,-5.494275e-02,2.873337e-01,-5.854650e-01,7.673891e-01,6.163493e-01,7.515907e-02,1.431218e+00,-1.242067e-02,0,0
8.771892e-04,-7.242412e+00,1.567368e+00,-7.655026e+00,-3.448415e+00,-9.519950e+00,-5.741669e+00,4.024700e+00,5.753723e+00,4.361958e+00,8.113875e+00,2.066991e+00,1.394876e+00,2.538531e-02,0,0,-5.305436e-06,-5.439184e-01,-5.822105e-01,-7.151349e-01,-3.754632e-01,-9.221859e-02,6.620975e-02,-2.965770e-01,-7.434479e-01,6.855021e-02,9.911475e-02,5.548509e-01,1.103826e+00,-1.127229e-02,0,0
8.849336e-04,-7.534916e+00,7.591286e-01,-8.677044e+00,-4.579826e+00,-9.455646e+00,-5.569277e+00,3.385402e+00,5.095002e+00,4.320944e+00,7.700275e+00,3.643337e+00,2.128942e+00,1.299486e-02,0,0,-2.608466e-06,-3.610609e-01,-4.697688e-01,-2.991231e-01,-1.275821e-01,-1.320990e-01,-2.154501e-01,-1.398965e+00,-2.226157e-01,2.080798e-01,1.930274e-01,1.304064e+00,5.300998e-01,-3.475371e-03,0,0
8.776094e-04,-7.932007e+00,1.118535e+00,-7.991091e+00,-5.164143e+00,-1.130123e+01,-6.152697e+00,1.572724e+00,4.713798e+00,2.732889e+00,7.885227e+00,5.915489e+00,1.693302e+00,1.662134e-02,0,0,-3.365439e-06,-3.244926e-01,-5.913308e-01,-2.084921e-01,3.717647e-01,3.224169e-01,-8.053294e-01,-2.142214e+00,8.960603e-01,1.162048e+00,5.820633e-01,1.265125e+00,1.818357e-01,4.351767e-03,0,0
8.723580e-04,-8.180881e+00,2.718243e-01,-8.356416e+00,-4.017313e+00,-1.004206e+01,-7.361657e+00,-2.044581e+00,6.306086e+00,5.903561e+00,9.310715e+00,7.385226e+00,1.222792e+00,2.931399e-02,0,0,-2.767181e-06,-3.125784e-01,-8.096231e-01,-2.145863e-01,1.250353e+00,1.117133e+00,-8.451311e-01,-1.957347e+00,1.845711e+00,2.341314e+00,6.142685e-01,6.543939e-01,5.352487e-01,7.132064e-03,0,0
8.666498e-04,-8.541893e+00,-1.145634e+00,-8.857800e+00,-1.870848e+00,-7.614658e+00,-8.872127e+00,-3.971379e+00,9.628483e+00,9.380889e+00,1.021897e+01,6.521672e+00,2.757130e+00,3.898459e-02,0,0,-3.608741e-06,-1.519894e-01,-4.971383e-01,-8.154869e-04,1.480613e+00,1.656901e+00,-4.590612e-01,-1.004792e+00,1.560623e+00,2.373137e+00,1.583943e-01,-2.581283e-01,7.596321e-01,4.079782e-03,0,0
8.765775e-04,-8.792865e+00,-2.156903e+00,-9.316621e+00,2.529143e-02,-5.713263e+00,-8.435218e+00,-3.629282e+00,1.186621e+01,1.270351e+01,9.604745e+00,6.612216e+00,4.273272e+00,3.747356e-02,0,0,-4.903763e-06,1.668156e-01,3.839370e-01,5.787581e-01,1.336947e+00,1.528088e+00,5.595516e-01,-1.621580e-01,-5.312870e-01,7.690976e-01,-5.019814e-01,-9.912683e-01,3.032805e-01,1.148384e-03,0,0
8.574559e-04,-8.385962e+00,-1.527931e-01,-7.515066e+00,2.176183e-01,-5.181122e+00,-7.911222e+00,-2.658887e+00,9.736847e+00,1.119860e+01,8.530184e+00,5.011353e+00,3.966223e+00,3.294047e-02,0,0,2.850185e-06,7.887337e-01,9.904280e-01,4.817398e-01,6.625056e-01,1.479263e+00,8.117750e-01,-7.173247e-01,-2.891427e+00,-7.892233e-01,-7.758963e-01,-1.708738e+00,-1.040626e+00,3.928680e-03,0,0
8.524361e-04,-7.424768e+00,1.695089e+00,-6.133993e+00,1.623189e+00,-3.618388e+00,-5.044351e+00,-3.511617e+00,3.595469e+00,8.840196e+00,7.645202e+00,3.184044e+00,2.134648e+00,3.807797e-02,0,0,1.225399e-05,1.093521e+00,8.943956e-01,-2.010762e-01,1.895601e-01,1.378059e+00,3.948827e-01,-1.380026e+00,-3.414773e+00,-1.892480e+00,-8.144331e-01,-2.280106e+00,-2.076213e+00,8.643095e-03,0,0
8.929715e-04,-5.282273e+00,1.880510e+00,-8.040416e+00,6.427309e-01,-1.265783e+00,-6.508685e+00,-7.616835e+00,-6.932806e-01,7.366432e+00,7.319262e+00,-3.079323e-01,-1.376687e+00,5.832578e-02,0,0,2.254667e-05,1.118423e+00,2.471454e-01,-1.347871e+00,-6.688678e-01,7.189888e-01,3.399717e-01,-1.119989e+00,-1.950405e+00,-2.127133e+00,-9.088594e-01,-1.753694e+00,-1.975118e+00,1.048655e-02,0,0
9.200897e-04,-4.877105e+00,1.298424e+00,-1.005933e+01,7.605358e-01,-7.806358e-01,-7.162073e+00,-8.050439e+00,7.408778e-03,5.157196e+00,6.138041e+00,-2.128670e+00,-3.436338e+00,6.799638e-02,0,0,4.551065e-05,9.196331e-01,-1.623837e-01,-2.167073e+00,-1.747661e+00,-1.108582e-01,1.103727e+00,3.032266e-01,1.346211e-01,-2.355878e+00,-5.747122e-01,-5.733567e-01,-9.902045e-01,5.137504e-03,0,4.549476e-02
9.363625e-04,-4.067680e+00,1.281266e+00,-1.229176e+01,-2.695394e+00,-3.005054e+00,-5.152503e+00,-5.989419e+00,1.778853e+00,2.404429e+00,4.739467e+00,-1.100762e+00,-3.123876e+00,7.041402e-02,0,0,6.006185e-05,6.438556e-01,-3.839718e-01,-2.452295e+00,-2.732297e+00,-8.129154e-01,2.722228e+00,2.078399e+00,7.802045e-01,-2.196022e+00,-3.577444e-01,9.269293e-01,2.026562e-01,-3.082502e-03,0,1.128776e-01
1.058294e-03,-3.433900e+00,1.182792e+00,-1.484369e+01,-5.446054e+00,-3.303044e+00,-2.038094e-01,-2.809191e+00,3.032508e+00,-4.581928e-01,6.061539e+00,7.136753e-01,-1.942780e+00,5.772137e-02,0,2.274738e-01,6.227090e-05,4.344326e-01,-2.995416e-01,-1.771976e+00,-2.645418e+00,-6.866644e-01,3.293785e+00,2.609448e+00,5.635449e-01,-1.491722e+00,-8.878012e-02,1.244725e+00,3.385526e-01,-7.857358e-03,0,1.351954e-01
1.124179e-03,-2.784598e+00,1.846695e-02,-1.790971e+01,-9.915462e+00,-4.069157e+00,3.623325e+00,1.545372e-01,1.695192e+00,-8.059812e-01,5.568791e+00,2.905541e+00,-1.110185e+00,4.805077e-02,0,4.506513e-01,3.897388e-05,-3.251488e-02,-1.030362e-01,1.001282e-01,-8.296953e-01,-1.892718e-01,2.049438e+00,2.392246e+00,5.067908e-01,-2.831654e-01,-5.159863e-01,4.468897e-01,2.039223e-01,-9.277727e-03,0,1.003585e-01
1.137536e-03,-3.346483e+00,4.321153e-01,-1.611023e+01,-8.856518e+00,-3.681906e+00,4.918939e+00,1.924821e+00,2.866963e+00,-6.962084e-01,5.279478e+00,2.091804e+00,-2.750420e+00,3.989121e-02,0,4.506513e-01,2.298644e-05,-4.902668e-01,7.557169e-02,2.163584e+00,1.039576e+00,1.831616e-01,2.677959e-01,1.623058e+00,1.156474e+00,9.309486e-01,-1.195397e+00,-5.517298e-01,5.654839e-01,-6.708975e-03,0,2.038656e-02
1.091611e-03,-4.273962e+00,1.141424e+00,-1.115785e+01,-5.138639e+00,-3.761981e+00,2.533314e+00,3.604804e+00,4.395579e+00,1.107610e+00,2.550566e+00,4.446221e-01,-1.700444e+00,3.294047e-02,0,3.902038e-01,3.461561e-05,-4.489477e-01,1.909352e-01,2.268588e+00,1.118047e+00,1.568613e-01,-6.963466e-01,1.131074e+00,1.340459e+00,1.271904e+00,-1.191095e+00,-1.073502e+00,8.624138e-01,-3.354488e-03,0,1.368256e-02
1.189510e-03,-5.140551e+00,9.991722e-01,-7.401701e+00,-2.636584e+00,-2.540823e+00,1.680176e+00,3.580965e+00,7.464685e+00,3.239755e+00,1.593664e+00,-8.145139e-01,1.179769e+00,3.173164e-02,0,3.596303e-01,6.516658e-05,1.305678e-01,-8.638859e-03,1.242544e-01,-9.451836e-01,-4.792581e-01,-2.582524e-01,7.560188e-01,2.865643e-01,6.249172e-01,-6.341146e-01,-8.323565e-01,1.024806e+00,-2.417650e-04,0,5.080624e-02
1.271270e-03,-4.132302e+00,6.896143e-01,-1.092104e+01,-7.435194e+00,-3.855392e+00,1.760973e+00,4.981834e+00,6.098627e+00,3.585557e+00,1.456226e+00,-1.008811e+00,1.236790e+00,3.535812e-02,0,5.645745e-01,6.457230e-05,8.952003e-01,1.395870e-01,-2.374116e+00,-2.912788e+00,-1.200897e+00,5.476302e-01,4.022595e-01,-1.305059e+00,-8.063402e-01,2.004241e-01,-6.866082e-01,7.778708e-02,2.689634e-03,0,7.360185e-02
1.373540e-03,-2.764474e+00,6.148257e-01,-1.560736e+01,-1.243416e+01,-6.031492e+00,4.013847e+00,5.016400e+00,3.448261e+00,1.189404e+00,2.656075e+00,-1.343262e+00,9.049945e-01,3.747356e-02,0,6.174971e-01,3.359412e-05,1.230242e+00,3.133937e-01,-2.927497e+00,-2.935614e+00,-1.507936e+00,7.307335e-01,3.056449e-01,-2.066195e+00,-1.756799e+00,1.793829e-01,-5.471265e-01,-1.991977e-01,3.233605e-03,0,5.871590e-02
1.322457e-03,-9.859998e-01,2.031532e+00,-1.892560e+01,-1.480379e+01,-8.021131e+00,4.104629e+00,4.898384e+00,-1.215051e-01,-1.898916e+00,3.021481e+00,-2.724045e+00,-1.174121e+00,4.351768e-02,0,6.292797e-01,-1.660400e-05,8.633817e-01,5.910639e-01,-1.171192e+00,-1.195207e+00,-1.027974e+00,6.514916e-01,5.262997e-01,-1.555722e+00,-1.634590e+00,-4.608389e-01,2.759331e-02,1.583087e-01,3.233605e-03,0,6.738800e-03
1.331887e-03,-5.624896e-01,1.895182e+00,-1.803691e+01,-1.363035e+01,-7.997631e+00,4.162016e+00,5.150915e+00,2.437768e-01,-2.802001e+00,1.707951e+00,-2.692529e+00,1.389236e+00,4.381989e-02,0,6.208573e-01,-5.057619e-05,4.385528e-01,7.765523e-01,6.425546e-01,2.086816e-01,-3.488939e-01,4.675178e-01,8.243691e-01,-9.334208e-01,-5.761971e-01,-8.283259e-01,9.610723e-01,7.179385e-01,1.752795e-03,0,-8.664954e-03
1.209076e-03,-9.163859e-01,3.004756e+00,-1.556222e+01,-1.281313e+01,-8.012195e+00,4.944347e+00,7.546075e+00,-7.774365e-02,-2.591690e+00,-3.739065e-01,-1.962105e-01,1.786212e+00,4.835298e-02,0,5.965884e-01,-5.049257e-05,2.671942e-02,8.481598e-01,1.339110e+00,6.422566e-01,2.835639e-01,4.050048e-01,6.500896e-01,-4.444401e-01,4.754578e-01,-1.569907e-01,1.695440e+00,7.991508e-01,-6.044119e-04,0,-7.227218e-03
1.177349e-03,-6.065173e-01,4.010975e+00,-1.407627e+01,-1.238608e+01,-7.780429e+00,5.931577e+00,7.814400e+00,-1.240724e+00,-1.345195e+00,2.121400e-01,2.198182e+00,3.014520e+00,4.381989e-02,0,5.905179e-01,-5.520235e-05,-1.118089e-01,8.647605e-01,8.700512e-01,5.371335e-01,7.512537e-01,2.351906e-01,-2.098159e-01,-6.297413e-01,4.562098e-01,7.982084e-01,1.251348e+00,8.562808e-02,-7.857356e-04,0,-4.047236e-02
1.147263e-03,-8.303888e-01,5.214434e+00,-1.421036e+01,-1.221464e+01,-6.711912e+00,5.244873e+00,6.817089e+00,-1.601455e+00,-2.500304e-01,2.984433e+00,3.307797e+00,2.008990e+00,4.049562e-02,0,6.083133e-01,-5.401913e-05,-4.616424e-01,3.519863e-01,4.446512e-01,8.728321e-01,1.234427e+00,-2.323597e-01,-9.022738e-01,8.527356e-03,7.396688e-02,1.355762e+00,4.668221e-01,-4.883042e-01,8.461773e-04,0,-9.424275e-02
1.086781e-03,-1.164533e+00,5.114145e+00,-1.436258e+01,-1.124393e+01,-4.891504e+00,5.187706e+00,4.466328e+00,-2.143074e+00,-1.691781e+00,4.019823e+00,1.812207e+00,1.705988e+00,4.381989e-02,0,4.126331e-01,-7.265558e-05,-9.828025e-01,-9.554539e-02,8.269519e-01,1.484731e+00,1.047867e+00,-5.936332e-01,-1.165443e+00,8.736631e-01,1.450418e-01,8.244220e-01,-7.584844e-02,-7.908008e-01,5.862799e-03,0,-1.575032e-01
9.842644e-04,-2.945590e+00,4.213103e+00,-1.319581e+01,-9.020044e+00,-3.284524e+00,4.154484e+00,4.708743e+00,4.160679e-01,-2.048562e+00,4.501063e+00,2.330888e+00,-1.042366e-03,5.258386e-02,0,2.143171e-01,-7.913727e-05,-1.380293e+00,-2.521807e-01,1.351392e+00,1.552653e+00,3.704000e-01,-5.371428e-01,-8.349953e-01,1.705828e+00,5.274762e-01,8.753862e-02,9.107657e-02,-7.120131e-01,8.250227e-03,0,-1.629260e-01
8.955708e-04,-4.462929e+00,4.033914e+00,-1.044879e+01,-6.559724e+00,-4.254789e+00,3.508605e+00,3.041358e+00,2.118830e+00,2.792803e-01,3.575935e+00,2.307395e+00,6.553257e-02,6.708976e-02,0,0,-5.836857e-05,-1.372495e+00,-5.350113e-05,1.356453e+00,8.155403e-01,-3.634011e-01,-1.859522e-01,-3.764851e-01,1.418932e+00,1.018014e+00,1.268205e-01,9.406868e-01,-2.029007e-01,6.044122e-03,0,-1.039583e-01
8.471823e-04,-6.082657e+00,4.493646e+00,-9.410302e+00,-6.793484e+00,-5.178269e+00,3.398710e+00,3.354598e+00,4.796732e+00,1.401820e+00,3.644070e+00,3.515586e+00,-7.308483e-01,7.011182e-02,0,0,-2.665290e-05,-9.524304e-01,1.420851e-01,6.366760e-01,-2.920785e-02,-1.456151e-01,4.253372e-01,2.527924e-01,3.744902e-01,6.936592e-01,5.902361e-01,1.323602e+00,5.674944e-01,-3.022060e-04,0,-4.286342e-02
8.634796e-04,-6.458474e+00,4.973606e+00,-9.473071e+00,-8.279509e+00,-5.761637e+00,4.635833e+00,3.260975e+00,2.761255e+00,1.673096e+00,5.082422e+00,5.923292e+00,1.056387e+00,6.527652e-02,0,0,-1.919147e-06,-5.209012e-01,-1.257292e-01,-1.394542e-01,-1.578661e-01,7.919185e-01,4.372250e-01,8.433937e-01,-5.518256e-01,2.862958e-01,1.473817e+00,1.359132e+00,6.656631e-01,-7.011183e-03,0,0
8.670455e-04,-6.709970e+00,4.453682e+00,-1.050029e+01,-8.306191e+00,-3.259175e+00,5.717556e+00,5.862896e+00,1.967307e+00,7.228265e-01,6.699000e+00,7.140949e+00,2.341002e+00,5.197945e-02,0,0,9.860220e-06,-1.805253e-01,-5.117644e-01,-4.876063e-01,2.541373e-01,1.028640e+00,-9.811592e-03,7.620413e-01,-8.228327e-01,4.651177e-03,1.483222e+00,6.019146e-01,3.069978e-01,-7.796918e-03,0,0
8.760435e-04,-6.753779e+00,3.425250e+00,-1.060107e+01,-6.592701e+00,-1.254744e+00,4.535306e+00,6.004178e+00,7.744147e-01,2.050256e+00,9.417558e+00,7.290374e+00,1.857923e+00,4.110003e-02,0,0,4.193588e-06,-1.996493e-01,-5.964473e-01,-3.638864e-01,4.330994e-01,3.814994e-01,-7.497874e-01,3.990459e-02,-1.255786e-01,-2.050870e-01,1.014343e+00,1.562333e-01,-4.923230e-01,-3.112723e-03,0,0
8.902015e-04,-6.837631e+00,2.709002e+00,-1.128434e+01,-6.366201e+00,-2.288517e+00,3.399915e+00,5.793203e+00,1.675989e+00,1.236495e+00,8.892613e+00,5.841618e+00,4.033731e-01,4.321547e-02,0,0,-7.908151e-07,-3.000685e-01,-1.798408e-01,-4.014311e-02,-2.535281e-02,-1.019511e+00,-8.802938e-01,-7.217282e-01,2.758296e-01,-3.085003e-01,-1.275863e-01,-1.318621e-01,-3.218500e-01,6.436990e-03,0,0
8.728696e-04,-7.392889e+00,2.863710e+00,-1.090048e+01,-7.084007e+00,-4.339469e+00,2.045716e+00,3.495344e+00,2.279020e+00,3.908263e-01,9.057327e+00,7.354124e+00,-4.364131e-01,5.409489e-02,0,0,-1.058254e-05,-4.231428e-01,1.458786e-01,1.794703e-01,-4.053055e-01,-1.440397e+00,-4.209694e-01,-7.530176e-01,2.568814e-01,-3.992669e-01,-1.140997e+00,-3.104042e-01,3.591712e-01,1.492898e-02,0,0
8.646784e-04,-7.890757e+00,3.835248e+00,-1.055130e+01,-8.187303e+00,-6.814370e+00,2.560882e+00,3.508672e+00,2.594152e+00,1.003949e-02,6.241184e+00,6.449764e+00,1.878920e+00,7.766697e-02,0,0,-1.418843e-05,-4.356237e-01,2.000475e-02,2.212679e-01,-3.194434e-01,-1.106520e+00,-5.239842e-01,-1.155295e+00,-7.383565e-01,-1.713515e-01,-1.564825e+00,-1.317845e+00,8.328453e-01,1.767906e-02,0,0
8.358923e-04,-8.342930e+00,3.591520e+00,-1.007023e+01,-7.708678e+00,-6.193804e+00,2.849976e+00,3.381355e+00,1.599740e+00,6.671494e-01,5.038287e+00,5.434280e+00,2.916005e+00,9.851918e-02,0,0,-1.007661e-05,-1.362934e-01,-4.487753e-01,2.034767e-01,2.132315e-01,-1.068807e+00,-1.251878e+00,-1.229895e+00,-1.521855e+00,9.120449e-02,-1.619632e+00,-2.046321e+00,6.351914e-01,1.157449e-02,0,0
8.377479e-04,-8.540730e+00,2.445121e+00,-1.059312e+01,-7.651083e+00,-6.893948e+00,3.778640e-01,7.372252e-02,-1.676154e+00,2.415765e-01,3.078008e+00,2.123165e-01,2.891391e+00,1.093986e-01,0,0,6.753369e-06,2.460966e-01,-9.161752e-01,3.287443e-01,4.483919e-01,-1.986629e+00,-2.785723e+00,-1.576519e+00,-1.739212e+00,1.735510e-01,-6.680867e-01,-1.749582e+00,2.424178e-01,-4.230872e-04,0,4.220987e-02
8.359517e-04,-7.749370e+00,1.314897e+00,-9.862187e+00,-6.285959e+00,-9.643715e+00,-3.122166e+00,-9.366560e-01,-3.195104e+00,7.310802e-01,2.540756e+00,2.412435e-01,2.233309e+00,9.610154e-02,0,0,2.823604e-05,4.733562e-01,-8.510783e-01,1.028412e+00,6.621426e-01,-3.188821e+00,-3.192724e+00,-6.102606e-01,-9.578966e-01,2.128233e-02,2.917792e-01,-5.554965e-01,-5.137334e-02,-1.087942e-02,0,6.331480e-02
8.984155e-04,-6.957054e+00,3.926830e-01,-9.011601e+00,-6.656703e+00,-1.502256e+01,-8.381660e+00,-2.214920e+00,-3.704486e+00,8.458290e-01,4.149516e+00,2.983748e-01,3.432357e+00,7.676035e-02,0,2.110493e-01,3.854316e-05,4.841930e-01,-5.347056e-01,1.567341e+00,6.242005e-01,-2.903932e+00,-2.409954e+00,3.586460e-01,2.150395e-01,-1.506768e-02,1.506179e+00,5.274923e-01,-1.966495e-01,-1.414324e-02,0,6.331480e-02
9.467388e-04,-6.767986e+00,3.623469e-01,-5.718933e+00,-4.895154e+00,-1.807360e+01,-8.733881e+00,1.474373e+00,-2.175577e+00,4.714347e-01,5.961430e+00,2.613769e+00,2.388655e+00,6.044122e-02,0,2.110493e-01,3.186687e-05,2.859196e-01,-1.684437e-01,1.576759e+00,2.569014e-01,-1.275548e+00,-6.907332e-01,5.074393e-01,8.629293e-01,1.301387e-01,1.799449e+00,1.776299e-01,-5.514113e-01,-1.090964e-02,0,0
9.750702e-04,-6.610456e+00,2.478679e-01,-4.828045e+00,-5.225482e+00,-1.719866e+01,-8.866047e+00,6.614377e-01,-1.110720e+00,2.960608e-01,8.898564e+00,1.663516e+00,1.830470e+00,5.651255e-02,0,2.110493e-01,1.432684e-05,2.175755e-01,-4.439181e-02,1.043033e+00,3.707743e-02,5.455850e-01,1.027254e+00,3.578646e-01,1.372229e+00,5.407297e-01,1.147483e+00,-2.906584e-01,-8.202192e-01,-6.557873e-03,0,-3.047353e-02
9.569587e-04,-6.493071e+00,5.450865e-01,-4.070171e+00,-5.717062e+00,-1.493341e+01,-6.333639e+00,1.623616e-01,-1.773399e-01,1.656658e+00,9.163476e+00,4.468226e-01,2.771961e-01,5.167725e-02,0,0,9.381515e-06,2.330571e-01,-1.413402e-01,3.554797e-02,-2.699442e-01,1.071082e+00,1.699246e+00,-2.392652e-01,1.456810e+00,1.270787e+00,-2.456696e-01,-7.041512e-01,-6.109334e-01,-3.898459e-03,0,2.148161e-02
9.649398e-04,-6.006634e+00,7.935420e-02,-4.620819e+00,-6.060361e+00,-1.386473e+01,-4.445511e+00,2.304093e-01,2.157540e+00,2.956866e+00,8.285907e+00,-7.144403e-02,3.869909e-01,4.835298e-02,0,1.642063e-01,1.706238e-05,2.219455e-01,-2.662309e-01,-5.698937e-01,3.103465e-01,8.651675e-01,1.643467e+00,2.779242e-02,1.498346e+00,1.640553e+00,-1.699561e+00,-8.301852e-01,-6.211625e-01,-2.598973e-03,0,9.788279e-02
9.987116e-04,-5.904612e+00,-2.600971e-01,-5.644806e+00,-5.827436e+00,-1.438515e+01,-2.447920e+00,4.935614e-01,3.474344e+00,5.494968e+00,5.039410e+00,-3.950757e-02,5.572776e-02,4.502871e-02,0,3.418789e-01,3.867095e-05,3.910181e-01,-4.588516e-01,-1.446268e+00,6.894078e-01,9.352220e-01,7.789409e-01,3.443764e-01,1.439605e+00,1.944373e+00,-2.072516e+00,-1.675396e+00,-7.174560e-01,-1.299486e-03,0,1.518467e-01
1.039506e-03,-5.794959e+00,-6.806945e-01,-6.890196e+00,-3.618563e+00,-1.314695e+01,-2.591573e+00,6.347999e-01,4.555168e+00,6.579673e+00,2.462795e+00,-2.244245e+00,-1.164609e+00,4.684195e-02,0,5.295238e-01,4.686794e-05,5.771062e-01,-6.618770e-01,-1.861950e+00,6.252133e-01,1.440135e+00,4.450313e-01,6.879356e-01,1.005496e+00,1.845108e+00,-1.078605e+00,-2.258650e+00,-1.032068e+00,-3.928676e-04,0,1.147734e-01
1.113030e-03,-4.643818e+00,-1.369147e+00,-1.016682e+01,-3.490923e+00,-1.061619e+01,-3.365903e+00,1.682048e+00,5.821872e+00,9.567117e+00,1.712452e+00,-6.843754e+00,-2.534284e+00,4.593533e-02,0,5.765746e-01,4.105498e-05,7.278484e-01,-6.761460e-01,-1.924673e+00,-1.202332e-01,1.716189e+00,9.361898e-01,1.182765e+00,7.343966e-01,1.307727e+00,7.826793e-01,-2.099028e+00,-1.406498e+00,3.928673e-04,0,6.885893e-02
1.142120e-03,-3.751500e+00,-2.675505e+00,-1.166956e+01,-4.102552e+00,-8.548543e+00,-1.761363e+00,3.075844e+00,6.011257e+00,1.014633e+01,4.556360e+00,-7.962570e+00,-3.478344e+00,4.593533e-02,0,6.207255e-01,3.001726e-05,7.811671e-01,-4.464664e-01,-1.916687e+00,-1.152055e+00,1.531381e+00,2.117051e+00,9.268700e-01,-4.397181e-01,7.723589e-02,1.819537e+00,-3.723601e-01,-1.448879e+00,8.763969e-04,0,3.311770e-02
1.152679e-03,-3.287099e+00,-2.643422e+00,-1.287849e+01,-6.186607e+00,-8.103412e+00,1.817923e+00,5.186865e+00,6.418283e+00,1.025027e+01,7.906024e+00,-7.675486e+00,-5.819892e+00,4.744636e-02,0,6.405727e-01,1.286607e-05,5.527850e-01,4.086917e-02,-1.489756e+00,-1.480664e+00,1.107203e+00,2.579437e+00,4.241489e-01,-1.400967e+00,-1.990809e+00,1.346465e+00,1.205994e+00,-1.216534e+00,1.239045e-03,0,2.125266e-02
1.169768e-03,-2.567483e+00,-2.275889e+00,-1.511779e+01,-8.030997e+00,-6.746431e+00,5.401766e+00,3.516742e+00,2.058372e+00,6.624275e+00,8.463693e+00,-3.690180e+00,-6.766201e+00,5.046842e-02,0,6.631133e-01,-1.268357e-06,3.866723e-01,4.403545e-01,-1.280792e+00,-1.404707e+00,1.042449e+00,2.103277e+00,-1.742404e-01,-2.164594e+00,-3.721181e+00,-5.426922e-01,2.005149e+00,-3.688251e-01,3.626469e-04,0,9.869069e-03
1.163537e-03,-2.471902e+00,-1.364610e+00,-1.589148e+01,-8.930022e+00,-5.981226e+00,5.949719e+00,3.582344e+00,7.934785e-01,1.374100e+00,6.491110e+00,-2.949977e+00,-6.973025e+00,4.986401e-02,0,6.616440e-01,-3.674834e-05,-2.096186e-02,6.508182e-01,-2.843224e-01,-6.443850e-01,9.542115e-01,6.863536e-01,-2.388835e-01,-1.986623e+00,-4.291123e+00,-2.000555e+00,2.038723e+00,8.310829e-01,9.972792e-04,0,-4.332486e-02
1.130349e-03,-2.225737e+00,-1.113139e+00,-1.656702e+01,-9.754380e+00,-4.397390e+00,6.689124e+00,3.006902e+00,-1.999313e+00,-4.021486e+00,2.550356e+00,-2.995815e-01,-4.745903e+00,4.653974e-02,0,6.595352e-01,-6.722956e-05,-6.775967e-01,6.468904e-01,6.561802e-01,1.573644e-01,4.559346e-01,-8.559572e-01,-1.741671e-01,-1.505299e+00,-2.884240e+00,-1.723555e+00,1.268804e+00,1.248066e+00,4.805077e-03,0,-1.151366e-01
9.886468e-04,-3.562781e+00,2.929461e-02,-1.357549e+01,-8.546841e+00,-4.506875e+00,4.606012e+00,4.247367e+00,-1.485990e+00,-5.882463e+00,8.599183e-01,8.228319e-01,-2.674626e+00,5.439709e-02,0,4.257375e-01,-8.186253e-05,-1.243763e+00,3.542274e-01,1.118000e+00,9.507399e-01,9.977484e-03,-1.707852e+00,-5.937717e-01,-8.175356e-01,-7.957808e-01,-5.154065e-01,6.118320e-01,1.170334e+00,1.097008e-02,0,-1.777440e-01
9.210649e-04,-5.410027e+00,2.616107e-01,-1.299489e+01,-7.435766e+00,-5.203934e+00,1.793834e+00,2.313395e+00,-4.328388e+00,-4.168643e+00,2.661515e+00,7.674368e-01,-2.675069e+00,7.222726e-02,0,2.053834e-01,-6.862675e-05,-1.522032e+00,1.404927e-01,1.133725e+00,1.179664e+00,-4.715493e-01,-1.986888e+00,-1.025433e+00,2.382654e-01,1.187299e+00,5.454682e-01,-3.348692e-01,1.216629e+00,1.269266e-02,0,-1.744808e-01
8.588666e-04,-7.098571e+00,-2.808474e-01,-1.208755e+01,-5.335630e+00,-5.528067e+00,-1.418967e-01,9.602392e-01,-2.129662e+00,-2.531225e+00,3.858498e+00,-4.243263e-01,-2.156772e+00,9.187066e-02,0,0,-3.362780e-05,-1.263153e+00,-7.939390e-02,8.204744e-01,8.117388e-01,-3.792891e-01,-8.434417e-01,-6.112849e-01,1.807790e+00,1.988208e+00,3.985943e-01,-2.471816e-01,1.419670e+00,1.012391e-02,0,-1.056858e-01
8.521057e-04,-8.068001e+00,-2.556045e-01,-1.164237e+01,-5.461664e+00,-6.244541e+00,-8.713601e-01,-4.767001e-01,-4.861495e-01,2.393903e-01,3.778407e+00,-1.350348e+00,1.078314e+00,9.126624e-02,0,0,-1.349617e-05,-8.728180e-01,1.838862e-01,1.026063e+00,1.949681e-01,-4.924800e-01,-1.807774e-01,3.641176e-03,3.021671e+00,2.156857e+00,-6.828654e-01,8.184053e-02,1.360777e+00,5.741916e-03,0,-4.107669e-02
8.549874e-04,-8.549558e+00,-1.090673e-01,-1.014938e+01,-5.475198e+00,-5.883017e+00,1.721400e+00,2.585991e+00,5.631839e+00,1.854559e+00,2.294443e+00,6.458168e-01,2.547030e+00,9.549713e-02,0,0,1.756760e-06,-5.758556e-01,3.127018e-01,8.244980e-01,-2.455677e-01,-3.753287e-01,9.864692e-02,9.880205e-02,2.319093e+00,1.929277e+00,-9.095396e-01,9.444486e-01,2.470323e-01,4.653973e-03,0,0
8.555237e-04,-9.048623e+00,1.095151e+00,-8.833661e+00,-6.391141e+00,-7.488860e+00,-4.170187e-02,1.518725e+00,6.899218e+00,4.422752e+00,2.921470e-02,6.415679e-01,1.776912e+00,9.912360e-02,0,0,1.506996e-07,-4.177544e-01,1.014374e-01,4.910333e-01,-1.035658e-01,1.403233e-01,-4.305990e-01,-4.009773e-01,8.640221e-01,1.215445e+00,-1.839916e-01,1.173301e+00,-8.950664e-01,3.928680e-03,0,0
8.659414e-04,-9.487538e+00,6.072835e-01,-9.369415e+00,-6.098730e+00,-6.782551e+00,-6.349123e-02,4.565370e-01,5.773121e+00,5.023479e+00,1.185396e+00,3.301959e+00,-1.270909e+00,1.112118e-01,0,0,-2.271996e-06,-2.385989e-01,-1.523056e-01,6.252031e-02,3.233817e-01,1.058922e+00,-3.459812e-01,-6.678814e-01,-9.275470e-01,4.031056e-01,1.297271e+00,9.314243e-01,-6.674913e-01,-2.629193e-03,0,0
8.473822e-04,-9.687782e+00,-1.065928e-01,-9.577183e+00,-5.667727e+00,-5.093157e+00,-2.131909e+00,-1.416860e+00,3.763320e+00,4.732156e+00,3.412973e+00,3.188084e+00,-1.488048e+00,1.030523e-01,0,0,-6.445043e-06,-1.186148e-01,-3.869883e-01,-6.157207e-03,6.895577e-01,1.643732e+00,4.270111e-01,2.383610e-01,-1.312236e+00,-6.022685e-01,2.332807e+00,7.760412e-01,1.770925e-01,-1.365972e-02,0,0
8.476982e-04,-9.422973e+00,-2.697230e-01,-9.465016e+00,-4.219997e+00,-1.786260e+00,1.036598e+00,7.143760e-01,2.562054e+00,3.715385e+00,7.088918e+00,4.029680e+00,8.420539e-01,8.038682e-02,0,0,-9.457750e-06,-5.383520e-02,-1.276296e-02,3.293329e-01,7.406064e-01,1.212790e+00,9.287214e-01,7.090636e-01,-1.049102e+00,-7.620003e-01,1.794279e+00,1.946827e-01,1.181931e+00,-2.073134e-02,0,0
8.324201e-04,-9.673980e+00,-4.012866e-01,-8.816647e+00,-3.882719e+00,-1.768345e+00,1.543309e+00,2.581611e+00,1.943571e+00,2.065456e+00,8.741490e+00,4.157913e+00,1.605893e+00,4.623753e-02,0,0,-5.693844e-06,-2.533546e-01,1.844585e-01,4.039690e-01,3.777724e-01,3.053097e-01,8.344342e-01,2.233145e-01,-1.054555e+00,-7.106167e-01,6.364921e-01,3.079903e-02,1.205958e+00,-1.483832e-02,0,0
8.261337e-04,-9.763616e+00,6.908156e-01,-8.103019e+00,-3.288202e+00,-2.381005e+00,2.742507e+00,2.002620e+00,1.437485e+00,2.546828e+00,7.492532e+00,3.790458e+00,3.091778e+00,3.596253e-02,0,0,-3.821106e-06,-3.958605e-01,1.678263e-01,2.657869e-01,-6.625409e-02,-7.444372e-01,-9.001748e-02,-1.111789e+00,-7.437003e-01,-4.084802e-02,-2.265628e-01,-2.307267e-01,6.582421e-01,2.055001e-03,0,0
8.296952e-04,-1.078423e+01,3.354304e-01,-8.238337e+00,-4.244763e+00,-3.269236e+00,1.187307e+00,-9.444093e-01,-9.471706e-01,1.763351e+00,6.393627e+00,3.461690e+00,3.416879e+00,5.107283e-02,0,0,-5.261391e-08,-3.934250e-01,-6.058849e-02,-7.657909e-02,-2.465746e-01,-9.043112e-01,-5.297014e-01,-1.518978e+00,-4.372610e-01,1.574426e-01,-4.146046e-01,-1.120258e-01,3.465772e-02,1.586582e-02,0,0
8.299551e-04,-1.084715e+01,2.010501e-01,-8.425237e+00,-4.370245e+00,-4.758001e+00,7.645116e-01,-3.081556e+00,2.889230e-01,3.662197e+00,7.130036e+00,3.224159e+00,3.227772e+00,8.824418e-02,0,0,1.228054e-06,-2.074927e-01,-2.658335e-01,-3.187674e-01,1.389432e-01,-4.997038e-01,-7.566958e-01,-7.438946e-01,3.630783e-01,2.198029e-01,-4.957371e-02,-3.002143e-02,-4.235922e-01,1.492898e-02,0,0
8.302463e-04,-1.109934e+01,-4.593463e-01,-9.038433e+00,-4.574570e+00,-5.101403e+00,-1.162004e-01,-2.471192e+00,3.315463e-01,2.294985e+00,6.849716e+00,3.880934e+00,1.711185e+00,9.942582e-02,0,0,1.316261e-06,1.904244e-01,-1.880389e-01,-4.796965e-01,7.817790e-01,4.558855e-01,1.931454e-01,5.766376e-01,8.652884e-01,-1.539896e-01,-1.558079e-01,-3.180897e-01,-4.591269e-01,-6.044134e-05,0,0
8.319984e-04,-1.064353e+01,-2.409633e-01,-9.296807e+00,-2.428582e+00,-3.963441e+00,-3.892181e-01,-9.534615e-01,2.613518e+00,3.380026e+00,7.016619e+00,3.430729e+00,1.826664e+00,8.643094e-02,0,0,3.183470e-06,3.591142e-01,-1.175186e-01,-5.544871e-01,1.084314e+00,1.476375e+00,1.257825e+00,1.402802e+00,2.573370e-01,-6.621323e-01,-3.634674e-01,-2.823172e-01,2.911625e-02,-1.758840e-02,0,0
8.352548e-04,-9.933923e+00,-3.837571e-01,-1.020103e+01,-1.306700e+00,-1.387088e+00,2.729899e+00,8.747316e-01,2.216974e+00,1.134489e+00,5.671296e+00,1.767956e+00,1.821798e+00,5.167724e-02,0,0,7.908692e-06,4.522862e-01,-1.935578e-01,-7.377022e-01,6.436830e-01,1.987220e+00,2.421156e+00,1.754171e+00,-2.344592e-01,-2.943964e-01,-4.479776e-02,2.897346e-01,4.939168e-01,-2.453914e-02,0,0
8.433682e-04,-9.634285e+00,-4.243375e-01,-1.061637e+01,-5.826089e-01,7.667186e-01,5.630585e+00,2.259494e+00,6.328938e-01,9.317836e-01,5.901909e+00,2.869061e+00,3.318046e+00,2.417649e-02,0,0,1.220478e-05,2.407412e-01,-3.534857e-01,-7.866704e-01,-6.842184e-02,1.921688e+00,2.506493e+00,1.568635e+00,-7.856756e-01,2.093991e-02,7.687254e-02,9.101530e-01,6.212493e-01,-1.773950e-02,0,0
8.641049e-04,-9.342528e+00,-1.335448e+00,-1.206716e+01,-2.279142e+00,2.469616e+00,8.979680e+00,4.693184e+00,1.495622e-01,2.047124e+00,7.183082e+00,5.610441e+00,3.435078e+00,7.857359e-03,0,0,1.383091e-05,-6.100340e-02,-4.582861e-01,-9.117346e-01,-4.771267e-01,1.583375e+00,1.374106e+00,4.659254e-01,-5.722919e-01,5.195845e-01,1.447338e-01,1.211005e+00,3.717446e-01,-1.843456e-03,0,0
8.785973e-04,-9.735518e+00,-1.532546e+00,-1.229710e+01,-2.284470e+00,3.716646e+00,9.018353e+00,4.980489e+00,-2.811543e-01,3.028408e+00,6.645089e+00,6.060252e+00,4.126270e+00,1.964340e-02,0,0,1.042288e-05,-2.281879e-01,-5.269604e-01,-9.682933e-01,-3.255311e-01,1.153132e+00,-1.188810e-01,-1.242379e+00,-3.072988e-01,4.794944e-01,-1.282124e-01,5.014530e-01,-3.041929e-01,1.154427e-02,0,0
8.867948e-04,-1.018832e+01,-2.121083e+00,-1.391934e+01,-2.841402e+00,5.054821e+00,7.906544e+00,1.843861e+00,-1.874608e-01,2.684099e+00,6.023375e+00,6.227386e+00,3.276409e+00,4.472651e-02,0,0,6.070838e-06,-2.669675e-01,-4.091419e-01,-6.501656e-01,5.083670e-02,9.804333e-01,-1.164920e+00,-2.642767e+00,-5.009408e-01,3.134097e-01,-4.300089e-01,-8.601842e-01,-1.267509e+00,1.387126e-02,0,0
8.841376e-04,-1.035233e+01,-2.666322e+00,-1.453175e+01,-1.929134e+00,5.239775e+00,5.572748e+00,-2.527742e+00,-7.350888e-01,3.010768e+00,5.840701e+00,5.067853e+00,1.876416e+00,6.346328e-02,0,0,1.428626e-06,-1.044211e-01,-5.350627e-01,-3.955103e-01,1.518813e-01,6.688906e-01,-1.004097e+00,-2.725714e+00,-6.947725e-01,6.383058e-01,-5.140294e-01,-2.040997e+00,-2.011915e+00,3.414929e-03,0,0
8.916889e-04,-1.036896e+01,-2.814270e+00,-1.420066e+01,-2.202626e+00,6.610219e+00,4.877884e+00,-4.766535e+00,-2.128175e+00,3.622993e+00,5.435232e+00,1.805719e+00,-1.777539e+00,5.530372e-02,0,0,-1.865369e-06,8.903675e-02,-4.641230e-01,1.881452e-01,3.344518e-01,2.761757e-01,-4.409658e-01,-1.607367e+00,-4.894264e-01,1.059624e+00,-8.547627e-01,-2.849015e+00,-1.775080e+00,-9.610154e-03,0,0
8.832934e-04,-1.016730e+01,-3.861266e+00,-1.413399e+01,-1.844451e+00,6.283400e+00,5.512199e+00,-5.342885e+00,-2.784660e+00,5.750490e+00,4.369013e+00,-1.933899e+00,-3.406329e+00,3.142944e-02,0,0,-4.926231e-07,-2.234621e-02,-3.872623e-01,6.591791e-01,7.024802e-01,-7.956887e-03,-2.805042e-02,-4.418240e-01,3.766013e-01,1.651171e+00,-9.684130e-01,-2.678110e+00,-3.971737e-01,-1.610759e-02,0,0
8.778901e-04,-9.835650e+00,-3.844226e+00,-1.317750e+01,-1.211485e+00,5.913887e+00,5.731989e+00,-4.785402e+00,-1.609807e+00,6.612357e+00,2.485405e+00,-4.516816e+00,-2.957619e+00,1.269266e-02,0,0,2.597942e-06,-1.785607e-01,2.284343e-02,1.163075e+00,1.125809e+00,-2.874826e-01,-3.977795e-02,3.156076e-01,1.305701e+00,2.055565e+00,-7.196937e-01,-1.600958e+00,1.346168e+00,-1.341795e-02,0,0
8.885739e-04,-1.073071e+01,-4.087656e+00,-1.174743e+01,1.087695e+00,5.548156e+00,5.005443e+00,-4.727428e+00,8.887339e-01,9.771941e+00,2.473549e+00,-5.161429e+00,4.805878e-01,4.230885e-03,0,0,4.492828e-06,-2.750606e-01,4.865988e-01,1.526679e+00,1.015993e+00,-3.830232e-01,-2.747386e-01,9.347404e-01,1.667974e+00,1.817295e+00,-2.657296e-01,-4.142133e-01,2.218818e+00,-4.714415e-03,0,0
9.020384e-04,-1.098006e+01,-2.586858e+00,-9.578565e+00,1.960345e+00,5.540428e+00,4.932373e+00,-3.496225e+00,2.563632e+00,1.189009e+01,2.784496e+00,-4.585305e+00,3.009842e+00,1.813237e-03,0,0,1.254957e-06,-2.055708e-01,4.692959e-01,1.191637e+00,1.416777e-01,-4.240533e-01,-3.273355e-01,1.270198e+00,1.693761e+00,1.224804e+00,-2.923520e-01,3.388923e-01,2.003677e+00,4.593533e-03,0,0
8.936834e-04,-1.097040e+01,-2.056956e+00,-8.300060e+00,1.649600e+00,4.555014e+00,4.538314e+00,-1.313772e+00,3.468490e+00,1.219810e+01,2.890820e+00,-3.970720e+00,4.704029e+00,1.329707e-02,0,0,-4.508765e-06,4.902077e-02,1.004256e-01,5.754574e-01,-5.399084e-01,-5.275468e-01,-3.319111e-02,1.683692e+00,1.683650e+00,6.041021e-02,-7.401663e-01,6.615657e-01,7.169830e-01,1.103052e-02,0,0
8.816101e-04,-1.074366e+01,-2.513096e+00,-8.943002e+00,-7.840485e-01,4.290191e+00,4.328876e+00,-1.412422e-01,5.569121e+00,1.152330e+01,8.150094e-01,-3.417709e+00,4.949045e+00,3.112723e-02,0,0,-1.059684e-05,2.329159e-02,-4.295056e-01,5.345888e-02,-5.488706e-01,-7.419201e-01,4.235239e-02,1.313019e+00,1.269376e+00,-9.343201e-01,-9.831336e-01,4.970940e-01,-5.329832e-01,9.187067e-03,0,0
8.762442e-04,-1.060381e+01,-3.622409e+00,-9.187928e+00,-2.396500e-01,3.535541e+00,5.141236e+00,2.013543e+00,7.804240e+00,1.025739e+01,-2.425390e-01,-2.437399e+00,3.095901e+00,4.472651e-02,0,0,-1.382731e-05,-4.036321e-02,-3.288509e-01,1.344650e-01,-1.207984e-01,-1.066543e+00,6.755428e-02,7.501195e-01,7.744427e-02,-1.420927e+00,-9.038107e-02,1.047344e+00,-9.835213e-01,1.511034e-04,0,0
8.577738e-04,-1.104690e+01,-3.951660e+00,-8.867336e+00,1.606170e-01,2.340564e+00,4.842674e+00,1.405214e+00,6.742638e+00,8.188846e+00,-5.644931e-01,-2.866496e+00,1.148990e+00,3.203385e-02,0,0,-1.455967e-05,-2.125489e-01,1.642682e-01,4.423699e-01,1.791614e-01,-1.418605e+00,-7.803688e-02,4.448015e-01,-1.234902e+00,-1.238201e+00,1.442441e+00,1.196877e+00,-2.052206e-01,-8.129345e-03,0,0
8.364650e-04,-1.102060e+01,-2.981929e+00,-7.665568e+00,5.732749e-01,1.971111e-01,4.619187e+00,1.663598e+00,3.268953e+00,6.760690e+00,3.128666e+00,9.903932e-01,1.686449e+00,1.359928e-02,0,0,-1.484313e-05,-3.546034e-01,6.672450e-01,3.791994e-01,9.639550e-02,-9.437691e-01,-3.003881e-01,3.282204e-01,-1.760446e+00,-8.581991e-01,2.047167e+00,9.996840e-01,5.313702e-01,-8.522213e-03,0,0
8.287014e-04,-1.159801e+01,-2.011995e+00,-7.492332e+00,-2.947041e-01,-1.133620e+00,4.199716e+00,2.257738e+00,1.662254e+00,7.080641e+00,6.341610e+00,8.527783e-01,4.627667e+00,6.044122e-03,0,0,2.136787e-05,-7.259628e-01,1.312322e+00,-2.176269e-01,4.649324e-01,-1.870067e-01,-6.824015e-01,8.797060e-01,-1.068604e+00,-2.290978e-01,1.193077e+00,1.857003e-01,4.625924e-01,-1.420369e-03,0,0
8.165648e-04,-1.210127e+01,-1.256016e+00,-7.979433e+00,4.699881e-01,5.537872e-01,3.960774e+00,3.228383e+00,1.542201e+00,6.520496e+00,6.540245e+00,7.013844e-01,4.013413e+00,1.511031e-02,0,0,4.489163e-05,-1.060963e+00,1.601222e+00,-5.580653e-01,7.424679e-01,5.784029e-01,-1.126109e+00,7.322753e-01,-1.637316e-01,2.229414e-02,-6.448664e-01,-9.818178e-01,-4.269432e-01,8.703535e-03,0,0
9.745632e-04,-1.413638e+01,1.746992e+00,-9.798538e+00,2.536923e+00,1.227192e+00,1.759873e+00,5.021351e+00,2.262993e+00,7.163454e+00,3.695103e+00,-1.793490e+00,2.298470e+00,2.417649e-02,0,0,5.096276e-05,-1.092155e+00,1.587510e+00,-2.141077e-01,8.826895e-01,2.505141e-01,-1.543816e+00,8.722079e-02,2.410280e-01,1.935250e-01,-1.396362e+00,-5.695010e-01,-8.083199e-01,1.979450e-02,0,0
9.879923e-04,-1.505623e+01,3.144686e+00,-9.302792e+00,2.869801e+00,1.908720e+00,2.085644e-01,3.943167e+00,2.149925e+00,6.830755e+00,1.227587e+00,-2.595562e+00,7.163317e-01,4.805077e-02,0,0,7.059733e-06,-5.486534e-01,8.265278e-01,6.804748e-01,2.937251e-01,-1.823299e-01,-3.927026e-01,-7.778547e-01,3.563197e-01,2.206429e-01,-7.639680e-01,4.295934e-01,-3.136586e-01,2.644304e-02,0,0
9.978014e-04,-1.558131e+01,3.725205e+00,-7.901192e+00,2.918837e+00,-5.585153e-01,-1.643257e+00,2.336450e+00,2.563532e+00,7.893137e+00,2.016128e+00,-3.462539e-01,2.234609e+00,8.854640e-02,0,0,-4.774633e-05,2.595940e-01,-2.712170e-01,1.515827e+00,-1.214456e-01,-2.703343e-01,7.523462e-01,-1.114743e+00,5.023863e-01,-3.022819e-02,6.504059e-01,1.431462e+00,-3.875558e-02,2.200061e-02,0,0
8.402443e-04,-1.412207e+01,1.887516e+00,-5.525733e+00,1.747657e+00,5.349914e-01,3.698827e+00,6.815600e-01,3.173531e+00,7.258869e+00,3.559893e+00,2.125733e+00,2.477051e+00,1.151405e-01,0,0,-5.160869e-05,7.139065e-01,-6.055444e-01,1.668747e+00,-2.527223e-01,8.314097e-03,1.958247e+00,2.475324e-01,1.377330e+00,1.194005e-01,1.628416e+00,1.228204e+00,-4.583909e-02,6.769416e-03,0,0
8.097056e-04,-1.330549e+01,1.019492e+00,-4.107931e+00,2.490767e+00,5.623848e-01,3.776473e+00,1.078439e+00,4.263122e+00,6.798255e+00,5.780980e+00,3.003174e+00,1.224333e+00,1.006346e-01,0,0,-3.549102e-05,7.295680e-01,-5.347877e-01,1.133003e+00,-5.509570e-01,2.358281e-02,1.373360e+00,1.338285e+00,2.315312e+00,1.621711e-01,1.453623e+00,2.913564e-01,8.341630e-02,-8.763978e-03,0,0
8.239967e-04,-1.262461e+01,1.469820e+00,-2.855685e+00,1.820224e+00,1.389840e+00,7.289933e+00,5.809835e+00,8.186780e+00,7.975198e+00,7.487244e+00,1.870747e+00,9.922742e-01,7.585374e-02,0,0,-1.949963e-06,2.901135e-01,-1.183793e-01,2.169543e-01,-7.750592e-01,-4.611760e-01,-2.947170e-01,1.332834e+00,2.643092e+00,4.210064e-01,9.242693e-01,-4.391837e-01,6.237889e-01,-1.529163e-02,0,0
8.284702e-04,-1.268220e+01,1.260114e+00,-3.571199e+00,1.277680e-01,-8.680257e-01,3.427988e+00,6.463739e+00,1.163347e+01,8.345828e+00,7.320570e+00,1.238021e+00,3.394078e+00,6.436990e-02,0,0,-6.309070e-07,-5.023832e-02,-1.279981e-01,-5.347848e-01,-9.548383e-01,-4.353742e-01,-9.455017e-01,-2.103713e-01,1.787457e+00,2.448235e-01,-7.935920e-02,-3.376358e-01,9.374933e-01,-1.477788e-02,0,0
8.211122e-04,-1.298315e+01,1.175309e+00,-4.709327e+00,-9.461398e-01,-1.055683e+00,2.399484e+00,4.653081e+00,1.270381e+01,8.590115e+00,7.411444e+00,8.123910e-01,4.511122e+00,5.681475e-02,0,0,-6.315368e-06,-9.110852e-02,-8.495741e-02,-6.393679e-01,-4.586084e-01,-2.158730e-01,-1.208171e+00,-1.601472e+00,-5.172091e-02,-4.986842e-01,-7.288343e-01,-1.925397e-01,6.002585e-01,-1.199758e-02,0,0
8.079933e-04,-1.337741e+01,5.267573e-01,-5.855034e+00,-9.002426e-01,-3.917240e-01,1.494189e+00,6.049592e-01,1.094189e+01,7.714915e+00,5.422083e+00,1.844173e+00,4.152376e+00,3.626473e-02,0,0,5.021144e-06,1.139307e-01,1.821596e-01,-2.924441e-01,2.255673e-02,3.993664e-01,-1.688056e-01,-1.185794e+00,-1.416796e+00,-1.320057e+00,-8.870405e-01,-3.262128e-01,-1.603622e-01,-8.431550e-03,0,0
8.026583e-04,-1.273255e+01,1.411712e+00,-4.910608e+00,4.118769e-02,7.232481e-02,2.215976e+00,7.318649e-01,8.273965e+00,5.797234e+00,4.792315e+00,6.049730e-01,3.614418e+00,2.991840e-02,0,0,8.573347e-05,1.425761e-01,8.012274e-01,-1.672042e-01,-1.773250e-01,5.632548e-01,4.623303e-01,-3.671150e-01,-2.102222e+00,-2.398219e+00,-4.933048e-01,-1.025419e+00,-2.455244e-01,-4.351768e-03,0,0
8.628028e-04,-1.223785e+01,2.052711e+00,-4.932779e+00,-2.531122e-01,5.648020e-01,2.675714e+00,2.495380e+00,6.764414e+00,3.141985e+00,4.194932e+00,-2.893337e-01,3.040620e+00,3.566032e-02,0,0,2.051759e-04,-4.683112e-01,1.312616e+00,1.111921e-01,-9.652685e-01,4.373445e-01,1.083479e+00,-3.353729e-02,-2.214788e+00,-2.806604e+00,2.688649e-01,-1.072994e+00,-1.971540e-01,-2.961620e-03,0,0
1.222375e-03,-1.284005e+01,4.418469e+00,-6.006475e+00,-2.156330e+00,1.282328e+00,4.120373e+00,1.872296e+00,4.281442e+00,-1.114516e+00,5.558496e+00,-3.247948e+00,3.839378e+00,3.535811e-02,0,0,3.453806e-04,-1.733678e+00,1.241132e+00,8.370472e-01,-1.615558e+00,1.146115e-01,1.633624e+00,-7.740881e-01,-2.620340e+00,-2.096399e+00,7.023853e-01,-1.993729e-02,3.006662e-01,-2.659413e-03,0,0
1.624014e-03,-1.566521e+01,5.586461e+00,-4.751140e+00,-4.627826e+00,1.189997e+00,5.959384e+00,-1.329430e-01,1.864210e+00,-2.862232e+00,6.383317e+00,-1.594338e+00,3.054126e+00,1.873678e-02,0,0,3.966034e-04,-2.740229e+00,5.494112e-01,1.999619e+00,-1.559361e+00,-4.222396e-01,1.852322e+00,-1.137933e+00,-2.877902e+00,-5.488650e-01,6.193396e-01,1.276156e+00,5.941778e-01,3.626473e-03,0,0
2.148955e-03,-1.968726e+01,5.850497e+00,-8.161915e-01,-5.849246e+00,3.327849e-01,8.742263e+00,-1.824414e+00,-2.377631e+00,-1.682654e+00,7.210049e+00,1.157789e+00,5.110996e+00,2.508311e-02,0,0,2.750164e-04,-2.551358e+00,-5.318183e-01,2.608166e+00,-6.195493e-01,-7.641210e-01,1.789492e+00,-3.624608e-01,-2.033541e+00,1.138955e+00,4.155999e-01,1.676719e+00,3.629658e-01,1.495920e-02,0,0
2.382530e-03,-2.251539e+01,4.083753e+00,2.470175e+00,-6.203459e+00,-1.071625e+00,9.626380e+00,-1.345931e+00,-4.295559e+00,6.817294e-01,6.465853e+00,3.888578e+00,5.375700e+00,5.893019e-02,0,0,3.610039e-05,-8.967127e-01,-8.698691e-01,1.904447e+00,2.537223e-01,-1.040897e+00,1.032446e+00,3.350328e-01,-7.767187e-01,1.157715e+00,2.216513e-01,2.412975e-01,-3.802852e-01,1.900876e-02,0,0
2.218199e-03,-2.217175e+01,2.510732e+00,3.423700e+00,-4.466260e+00,-1.407467e+00,1.123433e+01,6.664860e-01,-2.806380e+00,2.808276e+00,7.595228e+00,2.394188e+00,4.493420e+00,9.005743e-02,0,0,-2.135436e-04,1.680760e+00,-3.625630e-01,8.155352e-01,2.898945e-01,-1.702374e+00,-5.693935e-01,3.440150e-01,6.674953e-02,4.352973e-02,3.373195e-01,-1.382339e+00,-1.671639e+00,6.708975e-03,0,3.953160e-02
1.769894e-03,-1.890653e+01,2.906998e+00,2.651150e+00,-4.050707e+00,-3.144364e+00,9.875578e+00,2.967710e-01,-1.805009e+00,6.808787e-01,7.298985e+00,-1.006050e+00,1.461487e+00,8.129344e-02,0,0,-2.667148e-04,3.763633e+00,7.382983e-01,1.787209e-01,-7.163052e-01,-2.560088e+00,-2.690012e+00,-4.450402e-01,-3.927397e-01,-1.587123e+00,3.749090e-01,-2.627376e+00,-2.000352e+00,-1.163493e-02,0,1.025439e-01
1.387555e-03,-1.308789e+01,4.626059e+00,3.170998e+00,-5.476149e+00,-7.142714e+00,5.770696e+00,-9.256901e-01,-3.289158e+00,-1.464580e+00,8.480081e+00,-3.306594e+00,-1.290091e+00,4.744636e-02,0,1.976580e-01,-1.515166e-04,4.453793e+00,1.314879e+00,2.110860e-01,-1.939489e+00,-3.189904e+00,-4.264607e+00,-1.132875e+00,-1.342194e+00,-2.689905e+00,-9.471879e-02,-2.575140e+00,-1.397396e+00,-2.036869e-02,0,1.690854e-01
1.464278e-03,-8.239153e+00,6.717580e+00,3.490130e+00,-9.280041e+00,-1.100444e+01,-1.091864e+00,-2.775043e+00,-6.017868e+00,-5.117455e+00,7.897972e+00,-6.397910e+00,-1.734304e+00,2.206105e-02,0,4.138904e-01,-1.433060e-05,3.617489e+00,1.065519e+00,2.217732e-01,-1.985632e+00,-2.753373e+00,-4.190261e+00,-9.233634e-01,-1.357159e+00,-2.699317e+00,-8.390263e-01,-2.178436e+00,-3.013513e-01,-1.541251e-02,0,1.777863e-01
1.613425e-03,-5.236477e+00,7.179838e+00,4.059639e+00,-1.154904e+01,-1.342695e+01,-4.604980e+00,-3.461984e+00,-7.410921e+00,-7.742081e+00,6.822140e+00,-7.785585e+00,-8.956661e-01,1.783016e-02,0,6.384820e-01,1.519426e-05,2.102859e+00,4.514874e-01,-3.803380e-01,-6.347498e-01,-1.117917e+00,-2.401407e+00,-7.892343e-01,-5.698916e-01,-2.197083e+00,-1.744596e+00,-1.507128e+00,-1.498893e-01,-5.983681e-03,0,1.211932e-01
1.585307e-03,-4.744787e+00,6.957706e+00,3.315695e+00,-1.094242e+01,-1.376911e+01,-5.887890e+00,-3.051899e+00,-6.529924e+00,-9.676955e+00,3.932823e+00,-9.658736e+00,-2.424819e-01,1.903898e-02,0,6.685196e-01,-6.665738e-05,1.019085e+00,3.183677e-01,-8.097792e-01,1.096536e+00,8.079181e-01,-2.688019e-01,-4.700527e-01,8.033773e-01,-6.498575e-01,-1.637755e+00,-8.525842e-01,-8.350278e-01,4.230883e-04,0,5.462431e-02
1.403012e-03,-4.320774e+00,6.763433e+00,1.356526e+00,-7.818707e+00,-1.134997e+01,-3.838325e+00,-4.733434e+00,-5.882588e+00,-1.017025e+01,1.739676e+00,-9.211822e+00,-2.785448e+00,1.903898e-02,0,6.763093e-01,-1.243466e-04,5.755895e-01,8.216084e-01,-8.679204e-01,1.874692e+00,2.527338e+00,8.778054e-01,-5.444162e-01,1.702188e+00,1.072991e+00,-1.156714e+00,-5.301989e-01,-1.725824e+00,3.354487e-03,0,4.064464e-03
1.236197e-03,-3.601582e+00,8.517621e+00,7.927914e-01,-5.662525e+00,-8.003342e+00,-2.819201e+00,-4.489582e+00,-2.765148e+00,-7.152659e+00,2.250429e+00,-9.947713e+00,-4.964552e+00,2.357208e-02,0,6.680983e-01,-1.141063e-04,4.947456e-01,1.320977e+00,-1.651182e-01,1.518254e+00,3.009215e+00,1.094389e+00,-2.335949e-01,1.882575e+00,2.248428e+00,-1.320653e-01,-8.595629e-02,-1.693836e+00,5.077063e-03,0,-5.260676e-03
1.166246e-03,-2.930132e+00,1.050792e+01,9.814889e-01,-4.815526e+00,-3.673144e+00,-1.750298e+00,-5.465224e+00,-7.823668e-01,-3.639276e+00,1.879766e+00,-1.029209e+01,-7.163750e+00,3.233605e-02,0,6.590150e-01,-6.873277e-05,2.764974e-01,1.418514e+00,4.706030e-01,6.812681e-01,2.142366e+00,6.842774e-01,4.584102e-01,1.593962e+00,2.423724e+00,4.457921e-01,2.629711e-01,-6.259406e-01,5.046842e-03,0,-8.625984e-03
1.133158e-03,-2.966380e+00,1.169034e+01,2.677623e+00,-4.852744e+00,-2.561449e+00,-1.459957e+00,-3.853979e+00,3.328408e-01,-1.700300e+00,3.202451e+00,-9.548383e+00,-6.522511e+00,3.777577e-02,0,6.508633e-01,-3.697514e-05,-6.790457e-02,8.589613e-01,6.788282e-01,3.514746e-01,9.929713e-01,2.822741e-01,4.939298e-01,6.703131e-01,1.860838e+00,9.637101e-01,8.967851e-01,3.157918e-01,2.840738e-03,0,-8.804572e-03
1.110868e-03,-3.255888e+00,1.226964e+01,2.767125e+00,-4.817256e+00,-3.359079e+00,-1.096560e+00,-2.759185e+00,5.382300e-01,-7.778065e-01,3.492625e+00,-8.096631e+00,-5.136172e+00,3.717135e-02,0,6.417969e-01,-2.334730e-05,-3.896967e-01,1.353222e-01,3.146839e-01,4.349987e-01,1.028070e-01,2.562127e-02,6.430285e-01,-4.612599e-02,1.314302e+00,1.295207e+00,1.341870e+00,1.335925e+00,1.752796e-03,0,-1.405236e-02
1.079011e-03,-3.778227e+00,1.193157e+01,3.294114e+00,-3.904286e+00,-3.195518e+00,-1.734699e+00,-3.372952e+00,-7.388064e-02,7.207957e-01,6.262550e+00,-6.561517e+00,-4.399382e+00,3.535812e-02,0,6.326845e-01,-9.612913e-06,-4.820310e-01,-6.047182e-01,-2.127254e-01,4.197888e-01,-2.804196e-01,-3.631762e-01,2.283151e-01,-7.900812e-01,6.314760e-01,1.321485e+00,1.552527e+00,1.543090e+00,2.931399e-03,0,-1.518003e-02
1.076583e-03,-4.472692e+00,1.106392e+01,2.246663e+00,-3.114761e+00,-2.842075e+00,-1.484820e+00,-2.490595e+00,-8.096361e-01,1.721687e+00,6.825750e+00,-5.076176e+00,-1.545689e+00,4.230886e-02,0,5.978426e-01,1.680143e-05,-5.392308e-01,-1.212126e+00,-2.587393e-01,-7.661333e-02,-1.207139e+00,-6.820691e-01,4.743286e-01,-1.346561e+00,-1.731867e-01,1.012838e+00,1.229650e+00,1.668778e+00,3.807797e-03,0,-1.250132e-02
1.102235e-03,-4.768133e+00,9.269614e+00,1.874227e+00,-3.605047e+00,-4.222049e+00,-3.081708e+00,-2.846699e+00,-2.943632e+00,2.073332e-01,8.143313e+00,-3.295973e+00,-6.023034e-01,4.986401e-02,0,5.969403e-01,5.141648e-05,-4.369250e-01,-1.305519e+00,1.525742e-01,-1.211719e+00,-2.824140e+00,-8.255041e-01,6.668500e-01,-1.796299e+00,-8.139586e-01,3.608535e-01,1.307944e-01,1.135683e+00,1.027501e-03,0,4.055202e-04
1.183262e-03,-5.457089e+00,7.539989e+00,2.183373e+00,-5.349943e+00,-8.881508e+00,-3.833401e+00,-6.506687e-01,-4.759702e+00,-1.387009e+00,7.616434e+00,-3.581155e+00,1.309177e+00,4.895739e-02,0,5.971624e-01,7.474718e-05,-3.050620e-01,-1.000872e+00,8.613545e-01,-2.228419e+00,-3.843421e+00,-5.281490e-01,3.651954e-01,-2.083735e+00,-8.505014e-01,-2.324317e-01,-1.436878e+00,3.708824e-02,-5.016621e-03,0,1.442925e-02
1.282754e-03,-5.470653e+00,7.165940e+00,4.088630e+00,-8.845288e+00,-1.429650e+01,-4.687930e+00,-9.586653e-01,-7.080342e+00,-1.794650e+00,7.671476e+00,-6.655056e+00,-1.483997e-01,3.717135e-02,0,6.350522e-01,7.447024e-05,-4.437251e-02,-5.291623e-01,1.050229e+00,-2.364778e+00,-3.764036e+00,2.732568e-01,3.690126e-02,-1.961107e+00,-5.155709e-01,-6.820624e-01,-2.455540e+00,-9.109520e-01,-9.005742e-03,0,1.968082e-02
1.360060e-03,-5.646742e+00,7.111401e+00,5.446233e+00,-1.163673e+01,-1.702196e+01,-3.322455e+00,-1.608634e+00,-9.159955e+00,-1.529829e+00,5.899510e+00,-1.058102e+01,-1.587200e+00,2.357208e-02,0,6.509330e-01,3.913070e-05,3.592635e-01,-2.931615e-01,7.346678e-01,-1.375303e+00,-2.513525e+00,5.017336e-01,-4.497665e-01,-1.288746e+00,-1.596730e-01,-4.812548e-01,-2.331646e+00,-1.436623e+00,-8.673316e-03,0,1.829923e-02
1.386188e-03,-4.895169e+00,6.838097e+00,5.493940e+00,-1.228554e+01,-1.897201e+01,-1.970897e+00,-2.183209e+00,-1.054904e+01,-2.299111e+00,5.591464e+00,-1.207374e+01,-3.708875e+00,1.752795e-02,0,6.684591e-01,-1.239651e-05,6.358522e-01,-2.339386e-01,-5.354486e-02,3.868281e-01,-4.729523e-01,3.660125e-01,-3.391755e-01,3.788010e-01,3.690795e-01,7.835837e-02,-1.083367e+00,-9.131468e-01,-5.167725e-03,0,6.598711e-03
1.327199e-03,-3.948514e+00,6.238103e+00,5.154057e+00,-1.050633e+01,-1.911138e+01,-2.683249e+00,-2.287229e+00,-9.469082e+00,-1.933143e+00,6.250166e+00,-1.253004e+01,-4.093702e+00,1.541251e-02,0,6.719550e-01,-6.071408e-05,7.546335e-01,-5.860138e-02,-6.461929e-01,1.840540e+00,1.502429e+00,-1.658051e-01,6.325448e-02,2.122855e+00,1.108066e+00,8.535792e-01,5.245550e-01,-2.892871e-01,-2.024781e-03,0,-3.468198e-03
1.237202e-03,-3.140506e+00,6.432896e+00,3.966994e+00,-7.476348e+00,-1.561655e+01,-3.177470e+00,-2.315245e+00,-5.031773e+00,2.524045e-01,7.887939e+00,-1.109738e+01,-3.460882e+00,1.541251e-02,0,6.575347e-01,-8.829716e-05,5.042553e-01,2.707909e-01,-8.620378e-01,2.498131e+00,3.208007e+00,-1.068165e-01,8.433477e-02,3.000389e+00,1.836607e+00,1.020261e+00,1.699871e+00,1.296327e-01,-1.057721e-03,0,-5.365398e-02
1.130983e-03,-2.750906e+00,7.020995e+00,2.978741e+00,-4.838628e+00,-1.118754e+01,-3.548194e+00,-1.226344e+00,-1.304314e+00,2.734745e+00,9.019168e+00,-8.446426e+00,-3.157632e+00,1.450589e-02,0,6.390542e-01,-8.567485e-05,2.506373e-01,5.335650e-01,-7.603074e-01,2.220242e+00,3.147362e+00,2.333156e-01,-8.007441e-02,2.148767e+00,1.546058e+00,6.898931e-01,2.404558e+00,-2.288518e-02,-3.022077e-05,0,-1.167270e-01
1.042810e-03,-2.972696e+00,7.800605e+00,2.271408e+00,-2.628741e+00,-6.893893e+00,-2.072507e+00,-2.291978e+00,3.705209e-01,4.549982e+00,9.308270e+00,-5.616192e+00,-3.528746e+00,1.269266e-02,0,4.166397e-01,-7.052661e-05,-2.104709e-02,5.812655e-01,-4.616268e-01,1.517943e+00,1.689821e+00,2.809886e-01,-5.347462e-01,6.098217e-01,3.705500e-01,1.127258e-01,2.155479e+00,4.289715e-02,1.964340e-03,0,-1.745356e-01
9.960205e-04,-2.779232e+00,8.222074e+00,2.200313e+00,-1.828926e+00,-7.735899e+00,-2.069153e+00,-2.699235e+00,-1.426393e+00,3.648360e+00,8.989467e+00,-3.247851e+00,-4.174196e+00,1.662134e-02,0,2.087675e-01,-4.292989e-05,-1.776884e-01,5.118538e-01,-1.389276e-01,6.441125e-01,5.971236e-02,-2.238307e-02,-5.510182e-01,-4.124410e-01,-1.103577e+00,-6.457480e-01,1.338876e+00,3.633429e-01,4.835298e-03,0,-1.313875e-01
9.520497e-04,-3.231578e+00,8.738684e+00,2.048074e+00,-1.391485e+00,-8.893266e+00,-2.512048e+00,-4.252531e+00,-1.921626e+00,1.648347e+00,8.466419e+00,-2.919273e+00,-2.738115e+00,2.417649e-02,0,0,-1.140490e-05,-1.815740e-01,2.871812e-01,-5.507605e-02,2.640361e-01,-7.414135e-01,-5.883526e-01,3.435230e-02,-4.440476e-01,-1.933157e+00,-1.123712e+00,3.095885e-01,8.867491e-01,5.379269e-03,0,-2.692768e-03
9.617134e-04,-3.509907e+00,9.111224e+00,2.395770e+00,-2.236694e+00,-9.889289e+00,-3.440339e+00,-3.001159e+00,-2.220446e+00,-1.332325e+00,6.211353e+00,-3.100505e+00,-1.736233e+00,3.294047e-02,0,1.904364e-01,2.414132e-05,-4.180622e-02,-3.012514e-02,5.910086e-03,2.637368e-01,-5.560438e-01,-7.063330e-01,5.850888e-01,-3.474855e-01,-1.995397e+00,-1.035573e+00,-7.143173e-01,6.231626e-01,2.478090e-03,0,1.267017e-01
1.002939e-03,-3.515229e+00,8.791936e+00,1.898299e+00,-1.104677e+00,-9.524265e+00,-4.328677e+00,-1.969255e+00,-1.452691e+00,-2.625459e+00,5.078768e+00,-4.141922e+00,-3.139825e-01,3.142944e-02,0,4.123414e-01,5.432105e-05,2.938805e-01,-4.457710e-01,-7.516129e-02,2.443150e-01,-7.762616e-01,-5.067691e-01,8.460588e-01,-1.018585e+00,-1.225926e+00,-5.606330e-01,-1.762053e+00,-1.949032e-01,-1.964340e-03,0,1.789915e-01
1.091282e-03,-2.846438e+00,8.044822e+00,2.304751e+00,-6.536463e-01,-1.020062e+01,-4.692503e+00,-9.154292e-01,-3.398288e+00,-4.191721e+00,5.505428e+00,-6.208113e+00,-2.270449e+00,2.538531e-02,0,6.361053e-01,6.839086e-05,4.141888e-01,-6.758286e-01,-8.590998e-02,-2.463189e-01,-1.422124e+00,-6.876297e-02,4.295963e-01,-1.997766e+00,-1.620104e-01,-4.032282e-01,-2.548409e+00,-9.202203e-01,-4.593533e-03,0,1.244977e-01
1.158870e-03,-2.093910e+00,7.043030e+00,1.717778e+00,-9.614334e-01,-1.261891e+01,-4.419811e+00,-1.065102e+00,-6.425629e+00,-3.051584e+00,6.016217e+00,-1.017574e+01,-3.445523e+00,1.813237e-02,0,6.721229e-01,7.929077e-05,2.445915e-01,-7.226729e-01,7.408323e-02,-1.586458e+00,-2.099228e+00,2.677289e-01,-2.905029e-01,-2.815758e+00,5.358980e-01,-9.431595e-01,-2.561306e+00,-1.076489e+00,-3.656694e-03,0,6.089803e-02
1.225702e-03,-2.149622e+00,6.606534e+00,2.056481e+00,-3.539910e+00,-1.545259e+01,-3.738587e+00,-1.305254e+00,-9.722808e+00,-1.929314e+00,3.726488e+00,-1.282564e+01,-4.771564e+00,1.662134e-02,0,6.830339e-01,9.381348e-05,-2.015332e-01,-5.988203e-01,1.578641e-01,-2.438241e+00,-2.060740e+00,8.509584e-02,-1.004091e+00,-2.347368e+00,4.510647e-01,-1.272738e+00,-1.556073e+00,-6.624745e-01,-1.329707e-03,0,1.486374e-02
1.332183e-03,-2.640679e+00,5.897715e+00,2.392850e+00,-7.593835e+00,-1.739442e+01,-3.466990e+00,-3.226857e+00,-1.236922e+01,-1.077173e+00,1.252441e+00,-1.363969e+01,-4.445872e+00,1.752795e-02,0,6.933672e-01,1.213251e-04,-5.758606e-01,-5.305332e-01,3.816246e-01,-2.462917e+00,-1.368435e+00,-5.166413e-01,-1.215773e+00,-1.318107e+00,-3.946555e-01,-1.144847e+00,-4.747564e-01,-4.599096e-01,2.417648e-04,0,7.411676e-03
1.473694e-03,-3.580719e+00,5.623377e+00,2.756535e+00,-9.528647e+00,-1.811656e+01,-4.743434e+00,-4.855007e+00,-1.216333e+01,-2.923604e+00,1.523625e+00,-1.225650e+01,-5.082647e+00,1.903898e-02,0,6.998019e-01,1.336959e-04,-6.118266e-01,-4.147612e-01,1.142487e-01,-1.491932e+00,-1.576424e-01,-9.403242e-01,-8.247062e-01,-2.640565e-01,-9.562261e-01,-3.950719e-01,7.563667e-02,-2.076253e-01,6.044116e-05,0,4.822785e-03
1.641500e-03,-4.257665e+00,4.881942e+00,3.275874e+00,-1.028165e+01,-1.812910e+01,-6.500594e+00,-5.369088e+00,-1.179590e+01,-4.527717e+00,1.393415e+00,-1.283409e+01,-5.589529e+00,1.813237e-02,0,7.007973e-01,1.057492e-04,-3.752457e-01,-3.375009e-01,-3.201076e-01,-2.853633e-01,7.981984e-01,-1.019828e+00,4.451990e-03,5.132734e-01,-1.055437e+00,-1.212682e-01,4.163025e-01,-1.447459e-01,-4.230885e-04,0,1.948112e-03
1.739523e-03,-4.400262e+00,5.040615e+00,2.186213e+00,-9.655662e+00,-1.587346e+01,-6.923406e+00,-4.357669e+00,-1.132975e+01,-4.985173e+00,1.680642e+00,-1.285026e+01,-5.237862e+00,1.662134e-02,0,7.034328e-01,2.127499e-05,2.124452e-03,-2.583655e-01,-6.708645e-01,5.346386e-01,1.380472e+00,-5.708910e-01,6.866131e-01,8.435946e-01,-7.749248e-01,-3.221796e-01,9.300032e-01,1.375915e-01,-3.928676e-04,0,-2.429569e-03
1.728014e-03,-4.107136e+00,4.501592e+00,1.077473e+00,-8.957145e+00,-1.452498e+01,-7.476143e+00,-3.453266e+00,-1.021964e+01,-5.323572e+00,5.675914e-01,-1.126130e+01,-5.091994e+00,1.662134e-02,0,7.012923e-01,-9.016022e-05,1.897743e-01,-1.343843e-01,-3.381996e-01,1.387614e+00,1.358004e+00,-7.910509e-02,8.786553e-01,1.543934e+00,-6.615394e-01,-2.871481e-01,1.912565e+00,2.533360e-01,6.648535e-04,0,-1.042906e-02
1.536811e-03,-3.645361e+00,4.521725e+00,5.014128e-01,-7.517708e+00,-1.301626e+01,-7.110115e+00,-2.379853e+00,-8.733485e+00,-6.400301e+00,3.256388e-01,-8.392880e+00,-4.643457e+00,1.783016e-02,0,6.874065e-01,-1.700566e-04,1.741246e-01,-1.581239e-01,6.808535e-01,1.984298e+00,9.207362e-01,1.302615e-01,8.209587e-01,2.128497e+00,-4.900592e-01,-3.240856e-01,2.292378e+00,6.744468e-01,1.631913e-03,0,-2.186427e-02
1.292055e-03,-3.686244e+00,4.469465e+00,2.427276e+00,-4.412559e+00,-1.276767e+01,-6.802765e+00,-1.964720e+00,-5.374365e+00,-7.127850e+00,6.351762e-01,-5.499955e+00,-4.620052e+00,2.085222e-02,0,6.566651e-01,-1.761362e-04,3.354230e-02,-8.392839e-02,1.336383e+00,2.191719e+00,6.126860e-01,2.103744e-01,5.892228e-01,2.156246e+00,-1.924213e-01,-3.099864e-01,1.705864e+00,1.122918e+00,2.175884e-03,0,-2.724596e-02
1.107220e-03,-3.740086e+00,4.266058e+00,4.915579e+00,-2.006466e+00,-1.214843e+01,-6.608788e+00,-9.971488e-01,-3.109906e+00,-6.533329e+00,2.642141e-02,-4.269042e+00,-2.101599e+00,2.266546e-02,0,6.164250e-01,-1.270217e-04,-1.873462e-01,-2.298716e-01,9.654076e-01,1.868645e+00,4.323294e-01,1.089694e-01,8.286036e-01,1.730734e+00,3.301495e-01,-7.525055e-01,9.097185e-01,1.635107e+00,1.994560e-03,0,-6.418010e-02
1.062129e-03,-3.892062e+00,4.209784e+00,5.552303e+00,-7.541713e-01,-1.189546e+01,-6.674934e+00,-1.198504e+00,-2.250201e+00,-6.219164e+00,-8.327318e-01,-4.793895e+00,-7.483339e-01,2.508311e-02,0,6.005532e-01,-6.889015e-05,-3.206929e-01,-1.541529e-01,-2.952150e-01,1.365289e+00,6.134990e-01,3.064557e-01,1.113817e+00,7.548218e-01,5.757715e-01,-1.180950e+00,5.313444e-01,1.469757e+00,1.692354e-03,0,-1.127085e-01
1.016665e-03,-4.479183e+00,3.502208e+00,3.765937e+00,-3.676891e-03,-1.129072e+01,-6.629183e+00,1.380057e+00,-1.641895e+00,-5.203896e+00,-2.702935e+00,-4.197318e+00,1.596218e+00,2.568752e-02,0,3.945620e-01,-3.370021e-05,-3.247695e-01,1.045002e-01,-1.379535e+00,9.083716e-01,7.414085e-01,6.147820e-01,1.391111e+00,2.071691e-01,1.057041e+00,-5.988232e-01,9.824417e-01,6.384197e-01,1.359927e-03,0,-1.220469e-01
9.928813e-04,-4.920160e+00,4.080626e+00,1.526022e+00,1.412491e+00,-1.012903e+01,-5.260289e+00,2.415763e+00,-2.334262e+00,-4.913709e+00,-3.904896e+00,-2.879095e+00,8.798267e-01,2.780296e-02,0,2.040540e-01,9.860174e-06,1.304966e-01,4.309721e-01,-1.738752e+00,1.195753e-01,5.827929e-01,4.251413e-01,9.598476e-01,2.559009e-01,1.270916e+00,3.554282e-01,1.190846e+00,1.506291e-01,6.044119e-04,0,-5.182389e-02
9.733426e-04,-4.849885e+00,4.853138e+00,3.104438e-02,1.452060e+00,-9.324604e+00,-4.242200e+00,4.151270e+00,-2.032030e+00,-1.900852e+00,-1.431612e+00,-3.142338e-01,2.764195e-01,2.810517e-02,0,2.044404e-01,1.004613e-04,8.639321e-01,4.975371e-01,-1.667560e+00,-1.205641e+00,3.372154e-02,-2.544594e-01,-3.149205e-01,7.410232e-01,9.507244e-01,1.591000e+00,1.056601e+00,-1.547799e-01,-3.324265e-04,1.055542e+01,8.067896e-02
1.133092e-03,-3.054229e+00,5.689179e+00,-1.274010e+00,-8.841632e-01,-9.964557e+00,-5.742719e+00,2.215127e+00,-7.756287e-01,-1.516105e+00,3.087476e-01,-7.812063e-01,6.647106e-01,2.689634e-02,0,4.364946e-01,2.149187e-04,1.376195e+00,8.174529e-02,-1.733051e+00,-2.354786e+00,-7.048772e-01,-1.105158e+00,-1.611679e+00,1.266801e+00,1.091851e-02,2.060941e+00,6.676984e-01,-1.115002e-01,-9.670596e-04,2.636860e+01,1.519733e-01
1.448867e-03,-1.092488e+00,5.185617e+00,-3.171848e+00,-4.883554e+00,-1.120435e+01,-7.660264e+00,-9.422708e-02,1.283904e+00,-2.149076e+00,3.145245e+00,3.674189e-02,9.298761e-01,2.447869e-02,5.277709e+01,6.817365e-01,2.791632e-04,1.273730e+00,-3.745874e-01,-1.929152e+00,-2.661349e+00,-9.742945e-01,-1.352012e+00,-2.371881e+00,1.435767e+00,-1.277823e+00,1.687449e+00,4.608163e-01,-5.279905e-01,-6.346330e-04,4.210130e+01,1.363953e-01
1.829713e-03,8.211572e-02,4.323113e+00,-5.537785e+00,-7.193630e+00,-1.271355e+01,-9.077045e+00,-3.519882e+00,2.341777e+00,-4.735004e+00,4.111378e+00,2.839092e-01,-4.402637e-03,2.478090e-02,1.054544e+02,7.252722e-01,2.255446e-04,5.855604e-01,-6.294087e-01,-2.041658e+00,-2.017284e+00,-7.409313e-01,-7.941725e-01,-1.787930e+00,1.257439e+00,-1.547590e+00,1.067465e+00,1.527629e-01,-8.265087e-01,1.511030e-04,4.193482e+01,6.757404e-02
2.020848e-03,-4.940663e-02,3.663234e+00,-7.482829e+00,-8.699948e+00,-1.282158e+01,-9.335099e+00,-4.840629e+00,3.588104e+00,-6.680518e+00,5.104318e+00,1.457290e+00,-2.028977e+00,2.598972e-02,1.577793e+02,7.420281e-01,9.485253e-05,-6.081033e-03,-6.960686e-01,-1.757138e+00,-9.735702e-01,-2.464782e-01,-3.172207e-03,-6.058379e-01,8.983043e-01,-1.320562e+00,-4.847002e-03,-4.078166e-01,-4.795057e-01,1.057722e-03,2.590979e+01,1.452938e-02
1.974824e-03,-6.479670e-01,3.303327e+00,-9.326809e+00,-9.062386e+00,-1.286060e+01,-8.876164e+00,-4.351323e+00,4.359467e+00,-6.988337e+00,4.666535e+00,-7.276658e-01,-1.988407e+00,2.689634e-02,1.571730e+02,7.442190e-01,-2.872959e-05,-2.887502e-01,-6.344212e-01,-9.928568e-01,-1.991903e-01,1.062984e-02,6.512640e-01,3.556447e-01,3.239351e-01,-5.931832e-01,-7.152540e-01,-9.006521e-01,2.815805e-01,1.420369e-03,1.001371e+01,2.458280e-03
1.850574e-03,-7.578516e-01,2.215167e+00,-1.006303e+01,-8.817027e+00,-1.236322e+01,-7.776566e+00,-2.707696e+00,4.766581e+00,-7.625221e+00,2.843432e+00,-1.496554e+00,-4.756505e-01,2.870958e-02,1.564668e+02,7.449100e-01,-9.527335e-05,-2.156209e-01,-4.035896e-01,-3.088121e-02,3.832313e-01,1.140016e-01,8.885727e-01,4.678849e-01,-2.724720e-01,8.617134e-02,-9.701387e-01,-7.835667e-01,7.701448e-01,1.692355e-03,-1.085355e+01,-7.053691e-03
1.771202e-03,-1.007413e+00,1.875040e+00,-9.211969e+00,-8.131042e+00,-1.288958e+01,-6.599992e+00,-2.808125e+00,3.372214e+00,-7.228569e+00,1.665551e+00,-2.742430e+00,6.268367e-01,3.052282e-02,1.561793e+02,7.361226e-01,-1.169482e-04,-3.138725e-01,2.016022e-01,6.281783e-01,4.293775e-01,3.578572e-01,1.106344e+00,3.435006e-01,-6.459816e-01,7.367072e-01,-4.159498e-01,1.235099e-01,9.466572e-01,1.601693e-03,-2.627296e+01,-2.047210e-02
1.646292e-03,-9.477883e-01,2.359429e+00,-7.694654e+00,-7.249464e+00,-1.223708e+01,-6.030322e+00,-3.272803e+00,2.719370e+00,-6.129545e+00,1.754117e+00,-1.453162e+00,5.141255e-01,3.263826e-02,1.040084e+02,7.108078e-01,-1.103604e-04,-7.100151e-01,1.155825e+00,4.449129e-01,3.748811e-01,5.438102e-01,1.389259e+00,9.456176e-01,-5.916877e-01,1.369540e+00,3.535248e-02,1.009497e+00,7.353605e-01,1.511030e-03,-4.170754e+01,-3.288237e-02
1.492223e-03,-2.122361e+00,4.239207e+00,-7.370104e+00,-7.699280e+00,-1.113438e+01,-4.217565e+00,-2.351266e+00,2.153164e+00,-4.052639e+00,3.131443e+00,-1.318123e-01,2.249991e+00,3.294047e-02,5.203736e+01,6.589096e-01,-4.568505e-05,-1.383273e+00,1.803920e+00,-7.133507e-01,2.520252e-01,5.110552e-01,1.612832e+00,2.386440e+00,-1.648197e-01,1.413216e+00,3.565339e-01,1.546996e+00,9.711216e-01,1.692354e-03,-4.163670e+01,-3.493905e-02
1.438261e-03,-3.750453e+00,6.812210e+00,-8.759396e+00,-7.158503e+00,-1.052177e+01,-2.021485e+00,1.791963e+00,2.417667e+00,-2.365484e+00,2.287248e+00,2.245620e+00,2.389575e+00,3.505591e-02,0,6.191046e-01,1.026125e-04,-1.950016e+00,1.822820e+00,-1.986873e+00,2.392296e-01,-1.725122e-01,1.472742e+00,2.948056e+00,-1.653959e-01,3.690715e-01,-3.868881e-01,1.163197e+00,1.428427e+00,3.868237e-03,-2.600542e+01,-2.410045e-02
1.646792e-03,-6.522446e+00,8.668249e+00,-1.224635e+01,-6.916397e+00,-1.119196e+01,-5.402505e-01,6.591692e+00,2.698966e+00,-2.044518e+00,3.181655e+00,3.143157e+00,4.544720e+00,3.777577e-02,0,6.072789e-01,2.870963e-04,-1.965715e+00,1.122366e+00,-2.688961e+00,2.550115e-01,-7.787271e-01,7.304137e-01,2.080050e+00,-4.503968e-01,-1.248561e+00,-1.158592e+00,3.005519e-01,1.893778e+00,8.945299e-03,-1.040747e+01,-5.418128e-03
2.082070e-03,-8.497827e+00,9.259009e+00,-1.519090e+01,-6.444757e+00,-1.307085e+01,-5.052674e-01,6.995996e+00,1.619489e+00,-5.288248e+00,-2.054292e-01,2.725340e+00,6.508896e+00,4.956180e-02,0,6.161209e-01,3.959212e-04,-1.544005e+00,2.995847e-01,-2.243497e+00,-9.797301e-02,-4.605418e-01,5.321165e-02,3.780305e-01,-9.490768e-01,-2.530843e+00,-1.528799e+00,-8.281803e-01,1.796464e+00,1.504986e-02,0,-3.661402e-02
2.605800e-03,-9.577249e+00,8.627639e+00,-1.759916e+01,-6.781096e+00,-1.375347e+01,-1.323605e+00,5.446964e+00,3.002696e-01,-8.834064e+00,-1.415175e+00,1.131087e+00,9.659221e+00,7.041402e-02,0,6.333109e-01,3.737964e-04,-9.914695e-01,-8.461046e-02,-1.156747e+00,-2.550374e-01,5.396551e-01,-3.917537e-01,-6.272681e-01,-8.102323e-01,-2.181209e+00,-8.584973e-01,-1.330159e+00,1.225732e+00,1.888788e-02,0,-9.728447e-02
2.938363e-03,-9.943075e+00,8.330439e+00,-1.730048e+01,-7.716019e+00,-1.154372e+01,-1.363749e+00,4.254479e+00,-1.128368e+00,-1.162492e+01,-3.058334e+00,-8.892462e-01,8.814647e+00,9.398610e-02,0,4.230185e-01,2.194557e-04,-7.679209e-01,1.523587e-01,-2.296026e-01,-5.668897e-01,1.681515e+00,-5.418967e-01,-5.545850e-01,-3.028393e-01,-4.231733e-01,9.010067e-01,-1.276786e+00,6.102295e-01,1.501964e-02,0,-1.246213e-01
3.087628e-03,-1.075717e+01,8.709482e+00,-1.697530e+01,-7.555953e+00,-9.257253e+00,-2.069778e+00,4.826110e+00,2.173324e-02,-9.782227e+00,3.156208e-01,-1.700347e+00,9.520503e+00,1.100030e-01,0,2.174077e-01,-5.297037e-06,-6.033708e-01,4.153956e-01,4.285084e-01,-5.633692e-01,1.854653e+00,-7.789481e-01,-5.032255e-01,2.279015e-01,1.039451e+00,1.756806e+00,-6.791364e-01,7.383519e-01,3.324268e-03,0,-6.565793e-02
2.938435e-03,-1.174747e+01,9.979881e+00,-1.665084e+01,-8.891777e+00,-6.911389e+00,-2.841664e+00,4.533498e+00,2.445609e-01,-6.930033e+00,3.434206e+00,-2.242875e+00,9.629402e+00,1.048655e-01,0,2.009658e-01,-2.354879e-04,-3.541737e-01,7.467203e-02,6.983666e-01,-8.049570e-01,1.472314e+00,-9.002975e-01,-7.517384e-01,3.222610e-01,1.489258e+00,2.006373e+00,-2.009641e-01,7.274044e-01,-1.130251e-02,0,5.545681e-02
2.579279e-03,-1.169191e+01,9.879895e+00,-1.578144e+01,-9.010062e+00,-6.796375e+00,-4.479388e+00,2.791327e+00,7.533123e-01,-5.984255e+00,4.122585e+00,-1.587780e+00,1.294360e+01,8.159565e-02,0,4.160476e-01,-4.031704e-04,9.264326e-02,-8.746809e-01,9.919753e-01,-8.333887e-01,9.220651e-01,-5.187423e-01,-1.130376e+00,4.523574e-01,1.343318e+00,1.234823e+00,-2.942572e-01,-1.076318e-01,-2.048958e-02,0,1.095227e-01
2.015098e-03,-1.124658e+01,8.118592e+00,-1.440557e+01,-1.101375e+01,-5.412590e+00,-4.660432e+00,1.513179e+00,1.171472e-01,-6.077619e+00,5.070051e+00,-1.950350e+00,1.074012e+01,5.167725e-02,0,6.009827e-01,-4.270120e-04,4.573902e-01,-1.830544e+00,1.528416e+00,-2.726688e-01,2.423930e-01,6.814475e-01,-1.157936e+00,3.994646e-01,1.525052e+00,6.975242e-01,-6.350921e-01,-1.347481e+00,-1.749774e-02,0,8.498055e-02
1.533445e-03,-1.054440e+01,5.266722e+00,-1.313805e+01,-1.066191e+01,-5.396326e+00,-3.754106e+00,6.843888e-01,2.347227e+00,-3.491844e+00,5.671816e+00,-3.317895e+00,8.426986e+00,3.414929e-02,0,5.650129e-01,-2.977718e-04,1.103905e+00,-2.020581e+00,1.340093e+00,4.055052e-01,-1.330729e-01,1.485678e+00,-1.373466e+00,3.617109e-01,2.440411e+00,1.431376e-01,-9.894164e-01,-2.687110e+00,-7.162285e-03,0,3.168999e-02
1.326292e-03,-1.003427e+01,3.133749e+00,-1.033045e+01,-9.429197e+00,-6.399448e+00,2.029324e-01,-2.027147e-01,1.444927e+00,-5.509794e-01,6.147212e+00,-4.553278e+00,5.150307e+00,4.110003e-02,0,5.513859e-01,-7.625960e-05,1.943973e+00,-1.674852e+00,5.741099e-01,1.028235e+00,-3.447933e-01,1.399006e+00,-2.002612e+00,7.530470e-02,2.753862e+00,-5.953906e-01,-8.174086e-01,-2.881912e+00,2.055001e-03,1.084490e+01,1.897501e-02
1.434823e-03,-6.778532e+00,2.269411e+00,-1.111853e+01,-7.774812e+00,-6.968310e+00,5.173199e-01,-3.218055e+00,1.897977e+00,3.454478e+00,4.299693e+00,-5.233398e+00,2.302960e+00,5.107284e-02,0,5.992959e-01,1.556023e-04,2.665045e+00,-1.123325e+00,-1.076938e+00,4.192085e-01,1.886523e-01,4.982025e-01,-2.206481e+00,-7.373021e-01,2.236646e+00,-1.045575e+00,-4.106512e-01,-2.937340e+00,3.112722e-03,2.703905e+01,4.655475e-02
1.683110e-03,-3.409646e+00,1.242986e+00,-1.254478e+01,-7.316123e+00,-6.350564e+00,1.988842e-01,-6.548656e+00,7.182956e-01,4.218529e+00,2.779160e+00,-5.079641e+00,-6.074253e-01,5.349048e-02,5.422450e+01,6.787162e-01,3.470235e-04,2.680862e+00,-8.689840e-01,-2.483736e+00,-6.651554e-01,7.575482e-01,8.874748e-02,-1.535384e+00,-1.233054e+00,1.227686e+00,-5.742000e-01,-3.826966e-02,-2.871372e+00,-1.903899e-03,4.322829e+01,5.540713e-02
2.133047e-03,-5.314906e-01,5.954776e-01,-1.741558e+01,-9.622405e+00,-4.477507e+00,-1.261069e+00,-7.175047e+00,-9.759681e-01,5.306632e+00,2.127967e+00,-5.107970e+00,-3.380849e+00,4.351768e-02,1.080830e+02,7.341215e-01,4.917728e-04,1.867439e+00,-8.049195e-01,-2.762644e+00,-1.642778e+00,8.149853e-01,1.045404e+00,-1.355192e-01,-1.863412e+00,7.299127e-02,4.891215e-01,2.821241e-01,-2.426748e+00,-5.500152e-03,4.329538e+01,4.452434e-02
2.712298e-03,2.465168e-01,-3.742045e-01,-1.960061e+01,-1.183118e+01,-3.857109e+00,1.535864e+00,-5.901137e+00,-3.283370e+00,4.661376e+00,4.362074e+00,-4.807341e+00,-6.364651e+00,3.535811e-02,1.621000e+02,7.610088e-01,5.660370e-04,1.073759e+00,-7.258000e-01,-2.429443e+00,-1.950758e+00,5.641243e-01,2.097537e+00,8.711538e-01,-1.550826e+00,-9.988959e-02,1.227370e+00,5.784985e-01,-1.558765e+00,-5.500150e-03,2.734155e+01,2.698144e-02
3.379093e-03,7.305789e-01,-9.465914e-01,-2.140384e+01,-1.373117e+01,-4.140111e+00,5.075851e+00,-4.219411e+00,-5.418250e+00,3.598011e+00,5.953843e+00,-3.958928e+00,-6.952169e+00,3.263826e-02,1.625392e+02,7.807713e-01,5.158304e-04,5.533883e-01,-6.262819e-01,-1.392760e+00,-1.480060e+00,1.607288e-01,2.281207e+00,1.140370e+00,-9.682444e-01,-3.693408e-01,1.554271e+00,8.434421e-01,-1.157526e-01,-3.052281e-03,1.159746e+01,1.505876e-02
3.890272e-03,1.328114e+00,-1.614979e+00,-2.269787e+01,-1.501553e+01,-3.698641e+00,7.518108e+00,-3.670705e+00,-4.814696e+00,4.573391e+00,7.003069e+00,-2.761669e+00,-6.615589e+00,3.142944e-02,1.637042e+02,7.902985e-01,3.392200e-04,5.081445e-01,-4.750014e-01,-5.675190e-01,-9.021223e-01,1.238287e-01,1.053835e+00,1.022110e+00,-7.478606e-01,-6.245733e-01,1.690946e+00,1.069478e+00,1.035655e+00,-1.752795e-03,1.096506e+00,7.691068e-03
4.123212e-03,1.694652e+00,-1.915545e+00,-2.283074e+01,-1.543053e+01,-3.753097e+00,7.153844e+00,-2.588412e+00,-5.051527e+00,3.503919e+00,8.578824e+00,-1.913595e+00,-3.834143e+00,3.022061e-02,1.652682e+02,7.947705e-01,5.034190e-05,4.625815e-01,-3.817135e-01,2.026077e-01,-2.576637e-03,1.311080e-02,-6.399488e-01,6.719081e-01,-8.415170e-01,-1.510747e+00,1.754162e+00,1.204197e+00,1.442396e+00,-1.571472e-03,1.092529e+00,8.739650e-04
4.036339e-03,2.305203e+00,-2.264735e+00,-2.172475e+01,-1.549211e+01,-3.431473e+00,5.766042e+00,-1.606088e+00,-7.206034e+00,1.585555e+00,1.150431e+01,-4.826182e-01,-2.745387e+00,2.780296e-02,1.662180e+02,7.924646e-01,-2.470378e-04,2.618658e-01,-2.011725e-01,7.865620e-01,1.063832e+00,9.575145e-02,-2.153232e+00,-2.636851e-02,-1.527060e+00,-2.289421e+00,1.123147e+00,1.050765e+00,1.479761e+00,-1.329707e-03,7.807648e-01,-4.515040e-03
3.557770e-03,2.554942e+00,-2.530281e+00,-2.087736e+01,-1.350576e+01,-4.208141e+00,2.752140e+00,-1.892179e+00,-8.430165e+00,-2.461805e+00,1.247403e+01,9.225321e-01,-1.675289e+00,2.659414e-02,1.667449e+02,7.840581e-01,-4.434639e-04,-1.389008e-02,1.116664e-01,9.258686e-01,1.851616e+00,1.775811e-01,-2.850218e+00,-1.211884e+00,-1.401825e+00,-1.854198e+00,-2.259058e-01,8.399929e-01,1.047073e+00,-4.230883e-04,4.061127e-01,-9.103524e-03
2.937804e-03,2.207298e+00,-2.313474e+00,-1.974175e+01,-1.065875e+01,-2.992361e+00,-1.047199e+00,-4.150664e+00,-1.076067e+01,-3.890853e+00,1.067120e+01,1.074092e+00,-2.962124e-01,2.659414e-02,1.668696e+02,7.730795e-01,-4.568004e-04,-2.156450e-01,4.584797e-01,7.475185e-01,1.946913e+00,3.655376e-01,-2.972198e+00,-2.210360e+00,-5.956173e-01,-3.731269e-01,-1.356775e+00,2.199282e-01,6.594415e-01,8.159570e-04,6.876679e-02,-1.061135e-02
2.455160e-03,1.674154e+00,-1.332843e+00,-1.919290e+01,-8.589129e+00,-3.084747e+00,-3.690625e+00,-7.375546e+00,-1.028333e+01,-3.028864e+00,7.865851e+00,1.508015e+00,1.766359e-01,2.870958e-02,1.669729e+02,7.589454e-01,-3.095014e-04,-1.935932e-01,6.955777e-01,4.833973e-01,1.047196e+00,1.537019e-01,-2.220821e+00,-2.373199e+00,6.183261e-01,1.377668e+00,-1.785104e+00,-7.153568e-01,-1.671440e-01,1.631914e-03,-3.742554e-01,-9.769833e-03
2.303642e-03,1.667372e+00,-5.710555e-01,-1.882939e+01,-8.215863e+00,-2.165482e+00,-5.873567e+00,-9.916203e+00,-9.257538e+00,3.449837e-03,7.024529e+00,3.242811e-01,-3.741423e-01,3.082502e-02,1.664478e+02,7.519642e-01,-1.289761e-04,7.701755e-03,4.633258e-01,1.001926e-01,7.297955e-02,-2.175438e-01,-1.395273e+00,-1.886058e+00,1.495203e+00,1.738386e+00,-1.376172e+00,-1.425896e+00,-8.530383e-01,1.662134e-03,-7.757385e-01,-6.038236e-03
2.327344e-03,1.856940e+00,7.639834e-02,-1.891656e+01,-9.491227e+00,-3.853071e+00,-5.938780e+00,-1.087540e+01,-6.090103e+00,2.479381e+00,5.371848e+00,-2.279347e+00,-2.472044e+00,3.263826e-02,1.650846e+02,7.457666e-01,-4.673936e-06,1.673837e-01,4.407563e-02,-3.250732e-02,-4.886719e-01,-5.109193e-01,-6.154560e-01,-1.342380e+00,1.181864e+00,8.437689e-01,-6.879646e-01,-1.414049e+00,-9.322389e-01,3.928674e-04,-9.735077e-01,-1.644480e-03
2.356832e-03,2.154414e+00,-7.014654e-01,-1.937896e+01,-9.842805e+00,-3.695918e+00,-6.899485e+00,-1.183103e+01,-5.381273e+00,2.046954e+00,5.037340e+00,-4.161706e+00,-3.237064e+00,3.294047e-02,1.639351e+02,7.494777e-01,4.369020e-05,2.788033e-01,-3.139580e-01,1.662506e-01,-4.465092e-01,-7.085338e-01,3.150844e-03,-9.583176e-01,4.496682e-01,-5.162662e-01,2.144345e-01,-2.163418e-01,-3.448536e-01,-1.329708e-03,-7.592102e-01,1.373655e-03
2.405195e-03,2.267551e+00,-1.047260e+00,-1.908066e+01,-1.021902e+01,-4.874125e+00,-6.254946e+00,-1.313003e+01,-6.312146e+00,1.682281e-01,5.419623e+00,-3.319236e+00,-3.053097e+00,2.961620e-02,1.633617e+02,7.519662e-01,4.387281e-05,3.215965e-01,-2.453695e-01,6.098804e-01,-2.067909e-01,-4.523561e-01,3.984428e-01,-1.427718e-01,-1.394878e-01,-9.555749e-01,9.974650e-01,1.213543e+00,5.361403e-01,-2.780297e-03,-5.946167e-01,3.150546e-03
2.483167e-03,2.856083e+00,-1.579016e+00,-1.791609e+01,-1.008451e+01,-5.197624e+00,-5.699730e+00,-1.358047e+01,-6.898176e+00,-1.422305e+00,8.072814e+00,-2.374833e-01,-1.807884e+00,2.568752e-02,1.635132e+02,7.557326e-01,5.084188e-05,3.246947e-01,1.061689e-01,7.080315e-01,-4.430852e-01,-3.149525e-01,8.830185e-01,1.256043e+00,1.553318e-01,-1.656722e-01,1.340082e+00,1.424341e+00,7.298290e-01,-2.780297e-03,-6.833115e-01,3.147554e-03
2.483540e-03,3.114088e+00,-7.116736e-01,-1.659859e+01,-1.040433e+01,-5.363999e+00,-4.546443e+00,-1.071454e+01,-6.029091e+00,-5.638638e-01,8.841435e+00,1.826257e+00,-5.059327e-01,2.236325e-02,1.623225e+02,7.583919e-01,6.299741e-05,1.620245e-01,2.048028e-01,8.387470e-02,-8.360654e-01,2.681838e-01,1.058434e+00,2.690547e+00,9.611003e-01,1.164320e+00,1.171875e+00,6.979960e-01,4.510277e-01,-1.450589e-03,-1.057576e+00,3.589988e-03
2.571869e-03,3.354619e+00,-3.384145e-01,-1.707983e+01,-1.196558e+01,-5.025744e+00,-3.338644e+00,-6.758561e+00,-4.746141e+00,1.584639e+00,1.002684e+01,3.872526e-01,-8.615015e-01,2.266546e-02,1.610382e+02,7.620026e-01,5.907109e-05,-1.610896e-01,1.749667e-02,-8.512081e-01,-1.151911e+00,6.698107e-01,1.442502e+00,2.997854e+00,1.600978e+00,1.951215e+00,6.284645e-01,-3.117959e-01,-2.390793e-01,9.066220e-05,-1.347708e+00,1.751167e-03
2.675832e-03,2.828406e+00,-6.435470e-01,-1.907941e+01,-1.345881e+01,-3.619146e+00,-2.143317e+00,-3.088259e+00,-2.582661e+00,4.486355e+00,1.030199e+01,-1.416238e-01,-1.271150e+00,2.387428e-02,1.593113e+02,7.667812e-01,4.988902e-05,-3.366275e-01,-4.385235e-01,-1.519041e+00,-1.106303e+00,7.243488e-01,1.437737e+00,1.632358e+00,1.636264e+00,1.467998e+00,1.944863e-01,-5.522145e-01,-4.767404e-01,9.972807e-04,-1.131996e+00,-4.528761e-04
2.682377e-03,2.193476e+00,-1.525596e+00,-2.093172e+01,-1.431683e+01,-2.720997e+00,3.112154e-01,-2.404342e+00,-6.164986e-01,5.808661e+00,1.048486e+01,-8.125222e-01,-2.620672e+00,2.538531e-02,1.582802e+02,7.602938e-01,7.400568e-06,-2.278482e-01,-4.673077e-01,-1.490577e+00,-4.893370e-01,4.587398e-01,9.322298e-01,-3.567323e-01,9.561445e-01,4.156872e-01,-5.259441e-01,-2.381295e-01,-1.092791e-01,1.178604e-03,-8.673493e-01,-5.372679e-03
2.677731e-03,2.011522e+00,-2.310700e+00,-2.226785e+01,-1.476022e+01,-2.894629e+00,8.173096e-01,-4.729858e+00,8.740846e-02,4.664117e+00,9.584858e+00,-3.349279e-01,-2.010050e+00,2.598973e-02,1.580415e+02,7.569819e-01,-2.870993e-05,1.754038e-01,-2.402789e-01,-1.022151e+00,2.968715e-01,5.547271e-02,-9.039593e-02,-1.724600e+00,1.299884e-01,-4.462153e-01,-1.038431e+00,-3.879907e-01,2.755851e-01,1.420368e-03,-1.095847e+01,-1.356972e-02
2.607922e-03,2.623820e+00,-1.841377e+00,-2.293850e+01,-1.376156e+01,-3.094304e+00,-1.578084e-01,-7.721423e+00,-1.300454e+00,3.574194e+00,7.755686e+00,-7.067427e-01,-1.038447e+00,2.750075e-02,1.573364e+02,7.400389e-01,-8.033798e-05,4.193097e-01,2.103089e-02,-1.525341e-01,1.205478e+00,1.532595e-02,-8.661491e-01,-1.561322e+00,-2.636520e-01,-2.969413e-01,-1.062062e+00,-6.809433e-01,2.583323e-01,1.420369e-03,-2.654872e+01,-2.199844e-02
2.569509e-03,3.490253e+00,-1.687051e+00,-2.318678e+01,-1.225209e+01,-3.155129e+00,-2.360784e+00,-9.052720e+00,-1.590742e+00,3.372512e+00,6.474420e+00,-2.134467e+00,-6.843368e-01,2.991840e-02,1.049909e+02,7.090600e-01,-1.158869e-04,3.332182e-01,9.416358e-02,8.053810e-01,1.720853e+00,-4.118109e-02,-1.015019e+00,-3.018034e-01,2.932654e-02,4.459717e-01,-5.544711e-01,-8.710108e-01,-2.087332e-01,7.252950e-04,-4.213575e+01,-2.318494e-02
2.334798e-03,3.550659e+00,-1.732266e+00,-2.123493e+01,-9.543503e+00,-2.514117e+00,-2.430483e+00,-8.049520e+00,-1.095684e+00,4.969758e+00,6.729769e+00,-3.317469e+00,-1.991867e+00,3.052282e-02,5.206191e+01,6.742625e-01,-1.388121e-04,5.911946e-03,1.421642e-01,1.495909e+00,1.804783e+00,-2.655472e-01,-8.670421e-01,5.144423e-01,2.028311e-01,9.355239e-01,2.026550e-01,-6.858206e-01,-6.826679e-01,-7.252945e-04,-4.196636e+01,-1.480602e-02
2.234859e-03,3.214193e+00,-1.894437e+00,-1.909273e+01,-8.264981e+00,-3.390628e+00,-3.121446e+00,-6.074826e+00,1.316561e-01,6.196194e+00,7.325461e+00,-3.384619e+00,-2.577006e+00,2.810517e-02,0,6.739454e-01,-1.296413e-04,-3.103851e-01,4.074372e-01,1.745097e+00,1.346420e+00,-4.792353e-01,-9.826428e-01,5.144926e-01,-4.484553e-02,9.139462e-01,5.924809e-01,6.240606e-02,-6.641310e-01,-1.783016e-03,-2.620437e+01,-1.423323e-03
2.081187e-03,2.791409e+00,-1.026863e+00,-1.750597e+01,-6.731201e+00,-4.304291e+00,-4.112688e+00,-6.638158e+00,-1.147497e+00,6.839972e+00,8.343441e+00,-3.510770e+00,-3.505451e+00,2.478090e-02,0,6.835661e-01,-1.094970e-04,-4.694245e-01,6.401307e-01,1.103072e+00,5.895777e-01,-3.755438e-01,-1.195863e+00,-4.173214e-01,-4.683072e-01,5.875102e-01,3.732411e-01,5.914211e-01,-4.183808e-01,-1.631913e-03,-1.041238e+01,2.157158e-03
2.048108e-03,2.317952e+00,-2.566655e-03,-1.632577e+01,-6.926140e+00,-4.656219e+00,-6.432896e+00,-7.185938e+00,-1.789062e+00,7.007135e+00,8.629989e+00,-1.725786e+00,-3.248199e+00,2.387428e-02,0,6.972916e-01,-6.795693e-05,-5.004217e-01,4.183012e-01,4.261501e-01,-4.710518e-01,-1.727627e-01,-1.034840e+00,-1.163928e+00,-9.991196e-01,3.579529e-01,1.340511e-01,6.870221e-01,1.727050e-01,-4.533092e-04,0,-2.444869e-03
1.880688e-03,1.651657e+00,5.224519e-01,-1.710305e+01,-7.265035e+00,-3.759040e+00,-6.754073e+00,-9.580571e+00,-2.476861e+00,7.501838e+00,7.943711e+00,-1.189780e+00,-3.748174e+00,2.447869e-02,0,6.733752e-01,-3.948773e-05,-4.211175e-01,-8.804847e-02,-8.884010e-02,-1.118024e+00,-5.921006e-02,-3.356482e-01,-1.409403e+00,-1.004553e+00,2.293248e-02,-3.052029e-01,3.131227e-01,8.291675e-01,8.763984e-04,0,-1.043502e-02
1.995323e-03,1.281961e+00,-5.775889e-01,-1.716344e+01,-1.035332e+01,-4.527067e+00,-6.974954e+00,-1.042326e+01,-4.199261e+00,7.655025e+00,8.195581e+00,-1.110003e+00,-1.592120e+00,2.598973e-02,0,6.668165e-01,-1.654580e-05,-1.984458e-01,-2.956561e-01,-1.265280e-01,-1.294662e+00,-3.425349e-01,5.168723e-01,-1.225929e+00,-9.906126e-01,-4.996782e-01,-3.015231e-01,-5.867579e-01,1.023948e+00,1.511030e-03,0,-9.274518e-03
1.910140e-03,1.203818e+00,-1.179594e+00,-1.753133e+01,-1.060773e+01,-4.664917e+00,-5.519900e+00,-1.206651e+01,-4.965162e+00,6.630689e+00,7.034630e+00,-2.253048e+00,-1.876534e-01,2.810517e-02,0,6.466286e-01,3.333894e-05,5.757457e-02,-3.347801e-01,5.287743e-02,-7.977888e-01,-6.341697e-01,7.579051e-01,-2.410565e-01,-2.828447e-01,-6.177641e-01,-4.707983e-01,-1.403875e+00,8.928865e-01,1.087942e-03,0,-6.851911e-04
1.950653e-03,1.549643e+00,-6.298242e-01,-1.674426e+01,-1.172810e+01,-5.915955e+00,-4.465621e+00,-1.207261e+01,-5.497975e+00,4.944318e+00,7.576913e+00,-4.127942e+00,9.127947e-02,2.961620e-02,0,6.642923e-01,1.040107e-04,2.096137e-01,-3.983002e-01,-1.412443e-01,-8.940430e-02,-4.960228e-01,7.833098e-01,8.876282e-01,8.062450e-01,3.106308e-01,-1.030625e+00,-1.791301e+00,7.056617e-01,1.208823e-04,0,7.812166e-03
2.069718e-03,1.805689e+00,-1.125331e+00,-1.704825e+01,-1.056659e+01,-6.235445e+00,-4.219214e+00,-9.961178e+00,-3.241727e+00,5.768371e+00,5.899053e+00,-6.700188e+00,-1.254408e-01,2.810517e-02,0,6.712113e-01,1.999963e-04,2.239915e-01,-9.144239e-01,-4.366406e-01,3.912307e-01,-8.457331e-02,6.885184e-01,2.124408e+00,1.295100e+00,1.143631e+00,-2.058342e+00,-1.945295e+00,9.682534e-01,-7.857356e-04,0,9.750133e-03
2.435588e-03,2.029094e+00,-2.596221e+00,-1.811120e+01,-1.082092e+01,-6.221917e+00,-3.708748e+00,-7.037786e+00,-1.029753e+00,9.639338e+00,3.610244e+00,-7.842939e+00,1.905082e+00,2.659414e-02,0,6.935859e-01,3.119005e-04,1.572722e-01,-1.439209e+00,-9.467310e-01,8.733906e-01,9.702660e-01,9.647600e-01,2.721113e+00,1.158427e+00,1.609818e+00,-3.313159e+00,-1.482728e+00,1.508681e+00,-5.439704e-04,0,4.609418e-03
2.667654e-03,2.084049e+00,-4.768515e+00,-1.903107e+01,-9.105171e+00,-4.934803e+00,-2.455744e+00,-3.961885e+00,-7.237704e-01,1.000133e+01,-1.273742e+00,-1.012202e+01,3.746712e+00,2.568752e-02,0,6.807324e-01,4.070151e-04,1.154172e-01,-1.491862e+00,-1.127088e+00,1.140588e+00,1.764321e+00,1.461738e+00,2.603954e+00,1.938962e-01,7.536247e-01,-3.532645e+00,-1.242190e+00,1.283195e+00,8.763971e-04,0,3.129721e-04
3.211187e-03,2.196823e+00,-6.004275e+00,-2.048651e+01,-8.091859e+00,-1.714945e+00,-5.235553e-01,-1.466695e+00,-9.648176e-01,1.087693e+01,-5.402481e+00,-9.830666e+00,5.698606e+00,2.810517e-02,0,6.825789e-01,4.707340e-04,5.558729e-02,-1.305146e+00,-1.224859e+00,1.281659e+00,2.219349e+00,1.745936e+00,2.303796e+00,-3.393898e-01,7.275887e-02,-2.515627e+00,-1.057292e+00,4.115951e-01,2.357207e-03,9.462111e+00,-2.640724e-04
3.716993e-03,2.298910e+00,-6.880613e+00,-2.149604e+01,-6.228176e+00,3.326741e-01,1.496879e+00,2.730452e-01,-2.304714e+00,8.917699e+00,-7.257812e+00,-1.191727e+01,4.393770e+00,3.173164e-02,0,6.782797e-01,4.726755e-04,-2.772443e-02,-1.085020e+00,-1.075075e+00,1.054785e+00,1.863441e+00,1.936377e+00,1.547635e+00,-4.189547e-01,-3.036242e-01,-8.504685e-01,-7.624282e-01,-4.385328e-01,3.263826e-03,2.340652e+01,7.348329e-03
4.264589e-03,2.199600e+00,-8.065904e+00,-2.300301e+01,-5.851120e+00,2.241089e+00,3.044621e+00,2.363727e+00,-1.936231e+00,1.054495e+01,-5.975855e+00,-1.223177e+01,3.639529e+00,3.535812e-02,4.731055e+01,6.934919e-01,4.020481e-04,1.054887e-02,-8.925369e-01,-9.698356e-01,7.303382e-01,1.192228e+00,1.506310e+00,6.384251e-01,-1.592785e-01,-6.398609e-01,3.412936e-01,-4.670553e-01,-8.052796e-01,2.901179e-03,3.730298e+01,1.161465e-02
4.504331e-03,1.944039e+00,-9.162801e+00,-2.314819e+01,-4.951614e+00,2.404388e+00,5.442052e+00,1.861081e+00,-2.332837e+00,8.649201e+00,-5.239397e+00,-1.273361e+01,2.583587e+00,3.838018e-02,9.337734e+01,7.120175e-01,2.277122e-04,1.397578e-01,-5.334269e-01,-6.673685e-01,4.432448e-01,8.590096e-01,1.001996e+00,-3.754456e-01,8.476470e-02,-1.034252e+00,4.957478e-01,1.183474e-01,-4.951848e-01,1.843457e-03,3.707219e+01,1.247765e-02
4.827759e-03,2.427003e+00,-9.325866e+00,-2.450961e+01,-5.078449e+00,3.210339e+00,5.035410e+00,9.314127e-01,-1.747149e+00,7.811874e+00,-4.705220e+00,-1.175777e+01,2.577300e+00,3.928680e-02,1.398262e+02,7.237832e-01,3.286837e-05,2.953513e-01,8.672400e-02,-4.197117e-01,3.105334e-01,6.609915e-01,5.685616e-01,-9.505684e-01,-4.092173e-02,-1.629893e+00,-1.250860e-01,2.668290e-01,-2.560543e-01,6.648529e-04,2.294906e+01,8.831447e-03
4.573970e-03,2.883998e+00,-8.917767e+00,-2.407958e+01,-4.398287e+00,4.143097e+00,5.511463e+00,-8.880257e-01,-1.975432e+00,5.112974e+00,-5.414391e+00,-1.156254e+01,2.448960e+00,3.898459e-02,1.391031e+02,7.255223e-01,-1.385754e-04,3.137769e-01,6.168577e-01,-3.110264e-01,1.411841e-01,5.265300e-01,3.119127e-01,-8.936132e-01,-1.166693e-01,-1.340087e+00,-4.064795e-01,1.856981e-01,-1.976038e-01,-2.115440e-04,8.969449e+00,6.452036e-03
4.394112e-03,3.206377e+00,-7.754801e+00,-2.463588e+01,-4.575116e+00,4.676692e+00,5.852724e+00,-1.014562e+00,-2.319542e+00,4.163599e+00,-6.513789e+00,-1.148316e+01,2.426571e+00,3.838018e-02,1.391930e+02,7.308968e-01,-1.888348e-04,7.737730e-02,8.257753e-01,-2.083252e-01,7.489429e-02,4.343632e-01,5.376991e-01,-6.678859e-01,-8.427533e-02,-8.169201e-01,-3.921174e-01,1.861204e-01,-2.083240e-01,-4.230879e-04,-4.784332e-01,7.493770e-03
4.028278e-03,3.123237e+00,-6.864045e+00,-2.464019e+01,-4.497360e+00,4.303861e+00,6.592959e+00,-1.633998e+00,-2.629987e+00,3.772906e+00,-6.367510e+00,-1.194243e+01,1.670933e+00,3.777577e-02,1.385412e+02,7.407209e-01,-1.337939e-04,-8.936918e-02,8.669683e-01,-1.754839e-01,-4.879980e-02,3.804679e-01,2.689423e-01,-4.901066e-01,9.172817e-02,-1.274573e-01,2.553070e-01,4.146236e-01,1.807816e-02,-1.813229e-04,-5.292969e-01,6.885839e-03
4.156431e-03,2.694270e+00,-6.223850e+00,-2.527094e+01,-4.654441e+00,5.301773e+00,7.183157e+00,-2.035030e+00,-1.841248e+00,4.397308e+00,-6.189247e+00,-1.063723e+01,1.924694e+00,3.777577e-02,1.377150e+02,7.536528e-01,-1.358851e-04,-2.911867e-01,6.998383e-01,1.856190e-01,2.410094e-01,5.573751e-01,-5.736046e-02,-3.730331e-01,-5.999575e-02,-1.973689e-01,8.985876e-01,6.522349e-01,4.779402e-01,1.813237e-04,-6.081330e-01,3.354555e-03
4.023841e-03,2.693205e+00,-5.348400e+00,-2.463947e+01,-4.602623e+00,5.732896e+00,6.190958e+00,-2.828324e+00,-1.755938e+00,4.358833e+00,-4.300127e+00,-9.912388e+00,2.790289e+00,3.838018e-02,1.371956e+02,7.485735e-01,-1.658295e-04,-3.254289e-01,4.480687e-01,3.875464e-01,4.444168e-01,6.066804e-01,-6.441370e-01,-1.147989e-01,-2.220714e-01,-4.375212e-01,1.053868e+00,5.235327e-01,8.199953e-01,5.439703e-04,-5.152466e-01,-4.515052e-04
3.716905e-03,1.965459e+00,-5.013432e+00,-2.370814e+01,-3.317437e+00,6.749050e+00,5.766922e+00,-2.282564e+00,-3.056545e+00,2.883790e+00,-3.054543e+00,-9.237009e+00,4.256593e+00,3.898459e-02,1.368251e+02,7.437432e-01,-2.402331e-04,-3.347715e-01,5.376225e-02,3.612604e-01,5.281428e-01,6.069419e-01,-9.429827e-01,7.602084e-02,-1.990906e-01,-6.887125e-01,6.232570e-01,-9.991560e-02,5.334886e-01,5.741909e-04,-4.085541e-01,-1.920611e-03
3.418894e-03,1.860498e+00,-5.228910e+00,-2.348386e+01,-2.943778e+00,6.613625e+00,4.080391e+00,-2.084226e+00,-3.132695e+00,2.342059e+00,-2.665524e+00,-1.002487e+01,4.604959e+00,3.989121e-02,1.364099e+02,7.434182e-01,-1.974554e-04,-3.498858e-01,-3.185666e-01,2.682877e-02,9.749720e-02,6.619735e-01,-7.993289e-01,-7.780512e-02,1.031917e-01,-3.918942e-01,-3.143374e-01,-4.156688e-01,-7.179332e-03,2.719849e-04,-3.203522e-01,-2.400637e-04
3.257739e-03,1.436767e+00,-6.014783e+00,-2.404244e+01,-2.843150e+00,7.896118e+00,3.523527e+00,-2.026975e+00,-2.148322e+00,1.962133e+00,-3.890264e+00,-1.108056e+01,3.684802e+00,3.989121e-02,1.360651e+02,7.466274e-01,-9.159050e-05,-2.894282e-01,-4.573420e-01,-3.568556e-01,-3.393228e-01,4.027707e-01,-3.150503e-01,-4.717291e-01,2.475500e-01,1.358108e-01,-9.390002e-01,-4.120641e-01,-7.245702e-01,-1.208827e-04,-2.611542e-01,1.253492e-03
3.266146e-03,1.208123e+00,-6.440557e+00,-2.433818e+01,-4.352281e+00,8.469230e+00,3.316011e+00,-3.345144e+00,-1.694091e+00,2.860191e+00,-5.453953e+00,-1.106895e+01,3.040288e+00,3.928679e-02,1.359739e+02,7.459311e-01,2.063038e-05,-2.624601e-01,-3.304557e-01,-4.693729e-01,-4.490990e-01,-7.566810e-02,1.981858e-01,-5.753511e-01,-3.285163e-01,5.803097e-01,-6.108960e-01,3.706522e-02,-1.013950e+00,-5.439703e-04,-2.012573e-01,9.608865e-04
3.335326e-03,8.445058e-01,-6.694318e+00,-2.506526e+01,-4.309800e+00,7.835101e+00,4.573861e+00,-4.010750e+00,-2.538097e+00,3.303778e+00,-6.355329e+00,-1.077529e+01,1.416078e+00,3.868238e-02,1.357374e+02,7.487542e-01,1.074784e-04,-1.656731e-01,-1.186144e-01,-4.868065e-01,-6.951027e-02,-4.325388e-01,5.954038e-01,1.015502e-01,-9.358036e-01,6.480489e-01,-1.644647e-01,2.448510e-01,-1.199554e+00,-6.346319e-04,-2.161865e-01,7.533252e-04
3.483252e-03,8.443275e-01,-6.541421e+00,-2.531931e+01,-4.455948e+00,6.265793e+00,4.546154e+00,-3.969094e+00,-4.580389e+00,4.572784e+00,-4.487471e+00,-9.992183e+00,6.695702e-01,3.777577e-02,1.355675e+02,7.471592e-01,1.234833e-04,-6.424087e-02,6.890716e-02,-2.034817e-01,1.895031e-01,-3.974203e-01,6.927658e-01,8.164232e-01,-1.126480e+00,2.627840e-01,2.352157e-01,3.207164e-01,-9.064585e-01,-1.813229e-04,-3.316711e-01,1.469851e-04
3.686578e-03,7.902987e-01,-6.557423e+00,-2.598591e+01,-3.138868e+00,6.835143e+00,5.885475e+00,-1.207250e+00,-5.384191e+00,4.346080e+00,-5.195828e+00,-1.039469e+01,-1.127608e+00,3.747356e-02,1.351873e+02,7.497800e-01,8.169876e-05,-6.757354e-02,1.821680e-01,1.415945e-01,8.074982e-02,2.124743e-01,7.355351e-01,1.397319e+00,-5.830975e-01,-3.403787e-01,-1.260384e-01,1.644720e-01,-5.657947e-01,4.835296e-04,-4.957092e-01,-8.694887e-04
3.707937e-03,9.140218e-01,-6.164469e+00,-2.489526e+01,-3.990232e+00,6.982107e+00,6.124032e+00,-6.647782e-01,-5.903443e+00,3.652960e+00,-4.857625e+00,-9.655669e+00,-2.201613e-01,3.898459e-02,1.345905e+02,7.461532e-01,2.999287e-05,-1.193593e-01,1.350505e-01,5.730286e-01,-1.719831e-01,3.655444e-01,7.103933e-01,1.102716e+00,-3.666571e-01,-9.853485e-01,-4.550745e-01,2.428917e-01,-1.477437e-01,1.329707e-03,-6.605881e-01,-8.204639e-04
3.631477e-03,4.717909e-01,-5.971955e+00,-2.456931e+01,-4.138909e+00,8.539315e+00,7.462597e+00,1.323688e+00,-4.792058e+00,2.061797e+00,-6.800444e+00,-1.012118e+01,-9.680298e-01,4.049562e-02,1.337473e+02,7.449098e-01,2.599785e-05,-1.720100e-01,-7.209806e-02,6.282381e-01,-4.054740e-01,-4.252930e-02,3.013785e-01,3.968600e-01,-6.972424e-01,-1.202579e+00,-1.087415e-01,3.132856e-01,1.454171e-01,1.420369e-03,-6.683151e-01,-5.204737e-04
3.660767e-03,4.067851e-01,-6.158903e+00,-2.316247e+01,-4.815843e+00,7.241428e+00,7.309559e+00,2.790173e-01,-6.709741e+00,7.881837e-01,-5.960536e+00,-8.914479e+00,-1.489374e-01,4.291327e-02,1.329846e+02,7.454920e-01,5.468849e-05,-2.047056e-01,-3.708598e-01,2.002502e-01,-3.771655e-01,-4.603437e-01,-6.503358e-02,-4.603549e-01,-1.260575e+00,-9.838899e-01,4.636012e-01,4.688556e-01,5.139499e-02,8.159570e-04,-5.270752e-01,1.014537e-03
3.840152e-03,1.838670e-01,-6.920696e+00,-2.371111e+01,-4.753432e+00,6.492836e+00,6.799604e+00,3.051524e-01,-8.467254e+00,-2.344282e-01,-5.188080e+00,-9.198861e+00,-4.361348e-01,4.261106e-02,1.326487e+02,7.475082e-01,9.972996e-05,-1.450140e-01,-5.491656e-01,-4.255756e-01,-4.373235e-01,-6.045176e-01,-3.787448e-01,-1.131174e+00,-1.259334e+00,-2.702481e-01,8.252339e-01,3.703364e-01,2.622791e-01,-9.066239e-05,-2.711838e-01,1.675314e-03
3.877042e-03,3.445573e-02,-7.544397e+00,-2.432311e+01,-5.568798e+00,5.703629e+00,6.130361e+00,-2.457285e+00,-1.036872e+01,-1.183775e-01,-3.345801e+00,-7.772553e+00,-2.291339e-01,4.200665e-02,1.325044e+02,7.499266e-01,1.604153e-04,-9.936610e-02,-4.915804e-01,-9.282877e-01,-2.875187e-01,6.998362e-02,-1.221726e-01,-1.085074e+00,-5.328286e-01,2.637022e-01,2.967140e-01,7.270899e-02,1.688974e-01,-5.741928e-04,-1.570587e-02,1.811349e-03
4.021989e-03,-6.711435e-02,-8.025036e+00,-2.611687e+01,-5.949049e+00,6.285627e+00,6.158472e+00,-2.964032e+00,-9.259240e+00,1.163837e+00,-3.981641e+00,-8.840466e+00,3.834639e-01,4.049562e-02,1.326315e+02,7.510690e-01,1.887274e-04,2.436952e-02,-2.461144e-01,-7.174902e-01,1.651177e-02,5.880569e-01,3.321399e-01,-7.908872e-01,1.576325e-01,2.248774e-01,-4.892543e-01,-2.488423e-01,1.193736e-01,3.021955e-05,1.356918e-01,1.748788e-03
4.371925e-03,3.544529e-02,-8.064635e+00,-2.660103e+01,-5.655628e+00,7.694951e+00,7.019262e+00,-3.511761e+00,-8.977891e+00,1.407562e+00,-5.080185e+00,-8.730132e+00,2.857504e-01,4.110003e-02,1.329147e+02,7.527683e-01,1.664255e-04,1.243829e-01,1.171105e-01,-3.667881e-01,2.289308e-01,7.306291e-01,3.540130e-01,-1.522554e-01,4.632687e-01,-1.467126e-01,-9.873130e-01,-6.233056e-01,-2.936309e-01,8.763977e-04,1.646301e-01,1.496726e-03
4.536348e-03,3.052198e-01,-7.891149e+00,-2.615961e+01,-4.627458e+00,8.437459e+00,8.015853e+00,-3.122046e+00,-8.374505e+00,1.269892e-01,-6.767160e+00,-9.964283e+00,-9.670877e-02,4.321547e-02,1.331221e+02,7.548313e-01,2.605855e-05,1.992727e-01,5.331358e-01,2.916718e-02,6.760764e-02,3.737816e-01,5.785608e-02,7.081787e-02,2.689019e-01,-3.182888e-01,-9.526893e-01,-4.852017e-01,-6.915755e-01,1.178605e-03,3.784180e-02,1.331389e-03
4.451990e-03,4.702033e-01,-7.025788e+00,-2.613568e+01,-5.084939e+00,8.280858e+00,6.971735e+00,-3.139555e+00,-8.494743e+00,-3.335166e-01,-6.889607e+00,-1.032717e+01,-1.457202e+00,4.502871e-02,1.330823e+02,7.555291e-01,-1.276920e-04,1.664902e-01,8.856863e-01,7.068634e-04,-3.341857e-01,-1.771329e-01,-4.398080e-01,5.230606e-01,3.393694e-01,-3.117777e-01,-5.378327e-01,-3.621753e-01,-8.628648e-01,4.835307e-04,-1.102539e-01,5.921900e-04
4.112249e-03,7.118701e-01,-5.878780e+00,-2.620370e+01,-5.896355e+00,7.861582e+00,6.471515e+00,-2.796045e+00,-8.156304e+00,4.429324e-01,-7.840376e+00,-1.046795e+01,-2.202937e+00,4.442430e-02,1.327369e+02,7.563456e-01,-1.766651e-04,1.662518e-01,1.044994e+00,6.849098e-03,-6.654769e-01,-3.769535e-01,-3.064459e-01,5.978546e-01,3.810422e-01,7.640842e-02,-1.049358e-01,-6.042967e-02,-7.349615e-01,-6.346330e-04,-1.612869e-01,-3.380299e-04
3.945514e-03,6.645713e-01,-4.642388e+00,-2.657545e+01,-6.692108e+00,7.097225e+00,5.592391e+00,-1.059458e+00,-7.390144e+00,-3.092980e-01,-7.232740e+00,-1.028917e+01,-2.975459e+00,4.291327e-02,1.325560e+02,7.549722e-01,-1.351736e-04,8.061691e-02,9.235405e-01,1.766949e-01,-6.222913e-01,-8.837833e-02,1.482530e-01,5.539753e-01,7.492850e-01,6.672139e-02,2.370034e-01,-9.605493e-02,-5.171496e-01,-1.239046e-03,-1.364166e-01,-9.166181e-04
3.906261e-03,1.039295e+00,-3.857878e+00,-2.590548e+01,-7.151258e+00,7.144508e+00,7.173296e+00,-1.172822e+00,-7.021594e+00,4.969220e-01,-7.120272e+00,-1.028543e+01,-3.012388e+00,4.110003e-02,1.325788e+02,7.534196e-01,-4.969889e-05,-5.724484e-03,6.334947e-01,2.122826e-01,-6.551551e-01,2.731325e-01,2.574600e-01,-3.500421e-02,5.977899e-01,4.660555e-01,6.296758e-02,-3.942421e-01,-5.029106e-01,-1.027501e-03,-1.113617e-01,-1.445895e-03
3.879116e-03,7.095757e-01,-3.418536e+00,-2.540132e+01,-7.568944e+00,8.197503e+00,7.362110e+00,-1.181291e+00,-5.315674e+00,-2.690450e-02,-6.064642e+00,-1.089871e+01,-3.638225e+00,4.049562e-02,1.324792e+02,7.524090e-01,-6.371502e-05,-1.224455e-01,3.339744e-01,2.079063e-01,-6.302725e-01,5.374631e-01,-2.198344e-01,-6.953875e-01,5.664685e-01,7.205420e-01,-3.705493e-01,-5.666801e-01,-3.487271e-01,-2.417658e-04,-2.341476e-01,-1.850462e-03
3.896954e-03,6.607456e-01,-3.323233e+00,-2.572935e+01,-8.733712e+00,8.677105e+00,6.873955e+00,-2.910150e+00,-6.204590e+00,2.632013e+00,-8.109588e+00,-1.213440e+01,-4.386107e+00,4.049562e-02,1.322184e+02,7.503977e-01,-1.811413e-04,-2.432942e-01,1.928646e-01,2.061672e-01,-2.924623e-01,-4.822254e-03,-1.005860e+00,-7.646527e-01,4.709203e-01,7.426543e-01,-6.172377e-01,-4.945493e-01,-2.142905e-01,5.741917e-04,-3.899201e-01,-3.552788e-03
3.631592e-03,2.416182e-01,-3.239838e+00,-2.562398e+01,-9.052243e+00,9.018242e+00,4.642889e+00,-3.667731e+00,-4.966304e+00,2.225866e+00,-8.590829e+00,-1.219809e+01,-4.032235e+00,4.200665e-02,1.315654e+02,7.472308e-01,-3.496701e-04,-2.509324e-01,2.212061e-01,5.498201e-01,8.994766e-02,-5.748088e-01,-1.055460e+00,-8.927902e-01,2.048056e-01,7.403519e-01,-1.372032e-01,1.693042e-01,2.977309e-01,9.972800e-04,-4.731461e-01,-5.783617e-03
3.124316e-03,5.680214e-02,-2.982904e+00,-2.476332e+01,-7.871920e+00,6.710028e+00,3.503605e+00,-3.752865e+00,-4.841677e+00,3.083808e+00,-8.943367e+00,-1.210849e+01,-3.886835e+00,4.321547e-02,1.310861e+02,7.382448e-01,-4.443287e-04,-2.735893e-01,2.526878e-01,8.571230e-01,6.346352e-01,-7.418629e-01,-5.967295e-01,-7.288095e-01,2.133288e-01,4.220116e-01,9.437502e-01,8.870417e-01,6.577487e-01,7.555149e-04,-4.196671e-01,-6.757843e-03
2.517084e-03,-2.431147e-01,-2.482671e+00,-2.313524e+01,-7.550102e+00,6.306998e+00,3.769984e+00,-5.223884e+00,-4.973102e+00,3.448957e+00,-6.333768e+00,-1.006514e+01,-2.399206e+00,4.412209e-02,1.306797e+02,7.295673e-01,-3.264203e-04,-1.324051e-01,1.462058e-01,5.979954e-01,7.131899e-01,-1.715333e-01,1.248011e-01,-5.577292e-01,-1.481315e-01,6.540221e-01,1.299334e+00,9.956975e-01,8.340572e-01,1.208834e-04,-2.401291e-01,-4.585820e-03
2.232564e-03,-4.648342e-01,-2.438378e+00,-2.268811e+01,-6.311607e+00,6.323412e+00,4.326761e+00,-5.776121e+00,-5.134547e+00,4.130526e+00,-4.519367e+00,-8.765662e+00,-1.913878e+00,4.321547e-02,1.305630e+02,7.254402e-01,-6.311420e-05,4.566824e-02,-2.536567e-01,-9.256935e-03,7.701055e-01,4.875092e-01,6.982452e-01,1.395552e-01,1.139622e-01,7.564953e-01,8.611821e-01,6.293629e-01,8.957134e-01,-4.533086e-04,-9.324341e-02,-3.353357e-05
2.445367e-03,-1.595893e-01,-2.781073e+00,-2.367160e+01,-6.266450e+00,8.353883e+00,4.855317e+00,-5.444749e+00,-5.560526e+00,4.972618e+00,-4.306158e+00,-8.891015e+00,-8.484271e-01,4.261106e-02,1.306263e+02,7.307040e-01,1.422344e-04,1.563999e-01,-6.027294e-01,-5.828499e-01,5.712863e-01,3.778805e-01,9.106321e-01,1.244081e+00,5.849540e-01,8.458825e-01,2.334309e-02,2.306271e-02,5.702031e-01,-8.763969e-04,-9.402313e-02,1.972061e-03
2.844604e-03,2.433807e-01,-4.101986e+00,-2.454142e+01,-4.663218e+00,8.124131e+00,6.452164e+00,-2.944656e+00,-3.978154e+00,6.104454e+00,-5.651262e+00,-9.548736e+00,-1.836574e-01,4.170444e-02,1.306465e+02,7.375088e-01,9.925207e-05,-1.343884e-02,-7.571166e-01,-5.800173e-01,1.856288e-01,5.420880e-02,8.353937e-01,1.751718e+00,1.224847e+00,1.001022e+00,2.144671e-01,1.395096e-01,2.909505e-01,-8.159563e-04,-8.844729e+00,-2.351642e-03
2.922237e-03,1.847774e-01,-4.664513e+00,-2.512283e+01,-5.517865e+00,7.296041e+00,7.260442e+00,-4.192098e-01,-2.626529e+00,6.691406e+00,-5.651105e+00,-9.558292e+00,-4.133011e-01,4.049562e-02,1.301678e+02,7.333934e-01,-1.141517e-04,-3.012810e-01,-3.992155e-01,-2.250767e-02,-3.472858e-01,-3.062177e-01,3.810664e-01,1.381876e+00,1.508071e+00,7.410720e-01,9.402688e-01,8.201443e-01,2.020084e-01,-8.763984e-04,-2.192225e+01,-9.178752e-03
2.490390e-03,-7.042118e-01,-5.282240e+00,-2.486258e+01,-5.757756e+00,7.123377e+00,7.301167e+00,4.697009e-01,-4.773130e-01,8.276239e+00,-2.774557e+00,-7.734476e+00,-6.766886e-01,4.019341e-02,8.656861e+01,7.123373e-01,-3.004973e-04,-4.655535e-01,2.721324e-01,5.050077e-01,-7.184845e-01,-3.500042e-02,-5.729957e-02,2.645745e-01,6.276132e-01,8.773632e-02,1.479690e+00,1.210386e+00,1.339890e-01,-3.928680e-04,-3.484068e+01,-1.314530e-02
2.051716e-03,-1.192198e+00,-4.187023e+00,-2.362356e+01,-7.455611e+00,7.323171e+00,6.336147e+00,-2.425471e-01,2.294081e-01,7.592085e+00,-1.043166e+00,-5.697424e+00,4.081307e-01,3.898459e-02,4.305406e+01,6.973960e-01,-3.157154e-04,-3.559653e-01,1.001615e+00,1.066947e+00,-3.465064e-01,3.402934e-02,-1.856899e-01,-9.879940e-01,-7.711649e-01,-9.764617e-01,7.283004e-01,7.911271e-01,8.792312e-02,3.022067e-05,-3.469042e+01,-1.174689e-02
1.777378e-03,-1.395899e+00,-2.980069e+00,-2.276602e+01,-7.286768e+00,7.935564e+00,6.627814e+00,-1.710115e+00,-2.268056e+00,6.092796e+00,-5.567819e-01,-5.427238e+00,7.557157e-02,4.049562e-02,0,6.897810e-01,-2.069503e-04,-8.009066e-02,1.401096e+00,1.176002e+00,1.995964e-01,-7.066660e-02,-2.264822e-01,-1.449400e+00,-1.611011e+00,-1.691336e+00,-5.252202e-01,-2.860754e-01,-3.962964e-01,-9.066053e-05,-2.161913e+01,-5.775714e-03
1.700166e-03,-1.249205e+00,-8.075220e-01,-2.083638e+01,-6.485891e+00,7.060094e+00,6.668669e+00,-4.269272e+00,-5.586981e+00,2.900819e+00,-3.118491e+00,-6.756276e+00,-3.498156e-01,4.049562e-02,0,6.859371e-01,-9.544294e-05,1.092510e-01,1.245715e+00,1.059258e+00,7.037238e-01,-6.399525e-01,-2.631613e-01,-1.067843e+00,-9.934985e-01,-1.444362e+00,-1.239692e+00,-1.244788e+00,-1.059686e+00,-1.057721e-03,-8.610812e+00,-1.403469e-03
1.631413e-03,-1.076161e+00,3.348790e-02,-2.037616e+01,-5.244634e+00,6.901583e+00,6.002495e+00,-4.763937e+00,-5.624173e+00,2.165194e+00,-4.362996e+00,-8.635427e+00,-2.279198e+00,3.898459e-02,0,6.891882e-01,-4.293648e-05,2.149614e-01,8.639385e-01,9.614952e-01,2.584832e-01,-1.251927e+00,-3.016705e-01,-1.727270e-01,3.218851e-01,-6.360068e-01,-8.661755e-01,-1.004500e+00,-1.221131e+00,-2.357208e-03,0,1.187342e-03
1.647483e-03,-8.058119e-01,5.347746e-01,-1.952220e+01,-4.958059e+00,4.640399e+00,5.333000e+00,-4.054852e+00,-3.060026e+00,2.334076e+00,-5.338522e+00,-1.031727e+01,-3.712917e+00,3.445150e-02,0,6.906750e-01,-4.910468e-05,2.090261e-01,2.995253e-01,7.115986e-01,-4.052485e-01,-1.535693e+00,-2.865289e-01,4.125201e-01,1.349203e+00,1.421195e-01,4.990480e-02,-1.945807e-01,-1.264160e+00,-1.873678e-03,0,6.374001e-04
1.589037e-03,-5.427890e-01,6.684747e-01,-1.861563e+01,-6.758268e+00,2.885778e+00,5.787296e+00,-2.680960e+00,-1.922108e+00,3.196133e+00,-3.777644e+00,-8.669240e+00,-4.348534e+00,3.173164e-02,0,6.933487e-01,-7.339887e-05,1.813701e-01,3.526613e-03,7.011322e-01,-1.071298e+00,-1.545738e+00,-2.336955e-01,4.534497e-01,1.477972e+00,7.678062e-01,6.615298e-01,7.045854e-01,-6.763251e-01,-2.115447e-04,0,-1.488155e-03
1.475831e-03,-4.707609e-01,3.726108e-01,-1.815865e+01,-7.755316e+00,1.389530e+00,5.343624e+00,-3.248160e+00,-6.919969e-01,3.095947e+00,-3.161643e+00,-7.712273e+00,-5.635948e+00,3.475370e-02,0,6.870438e-01,-8.609860e-05,1.351241e-01,-1.887117e-01,5.577126e-01,-1.008472e+00,-1.311759e+00,-4.214351e-01,3.685299e-01,1.489770e+00,1.290066e+00,1.103959e+00,8.982388e-01,-2.829778e-01,1.329707e-03,0,-3.754562e-03
1.350245e-03,-3.368364e-01,1.322029e-01,-1.755227e+01,-9.202493e+00,7.983271e-01,4.828705e+00,-2.900035e+00,5.816741e-01,5.623290e+00,-2.143786e+00,-6.414999e+00,-4.699308e+00,3.777577e-02,0,6.835630e-01,-8.443027e-05,5.536685e-02,-6.289853e-02,6.407778e-01,-1.328125e-01,-1.024704e+00,-3.525225e-01,7.743999e-01,1.413835e+00,1.361442e+00,1.628112e+00,8.407210e-01,1.481308e-01,2.115440e-04,0,-1.078161e-02
1.336386e-03,-2.331678e-01,-1.406478e-01,-1.726531e+01,-8.778306e+00,-8.746697e-01,3.705120e+00,-2.102666e+00,3.136932e+00,7.570827e+00,-6.356540e-01,-6.953199e+00,-4.952419e+00,3.807797e-02,0,6.767951e-01,-8.739770e-05,-1.266478e-01,2.339174e-01,9.738545e-01,8.192068e-01,-2.907269e-01,1.696219e-01,1.161564e+00,1.019631e+00,7.885842e-01,1.835056e+00,7.081934e-01,2.648167e-01,-2.296767e-03,0,-1.888004e-02
1.236608e-03,-3.847513e-01,6.106114e-01,-1.585841e+01,-6.910835e+00,-1.105641e+00,4.843935e+00,6.182920e-01,3.232603e+00,7.765901e+00,3.099923e+00,-4.845172e+00,-3.949644e+00,3.112723e-02,0,6.445650e-01,-9.322993e-05,-4.529352e-01,4.248562e-01,1.050211e+00,1.332913e+00,2.162037e-01,3.334425e-01,8.757883e-01,3.231339e-01,-5.736050e-01,1.060741e+00,6.506234e-01,6.033618e-01,-4.110003e-03,0,-6.450254e-02
1.095661e-03,-1.080042e+00,1.302993e+00,-1.413631e+01,-4.805111e+00,8.878797e-01,6.184119e+00,8.004957e-01,3.080694e+00,5.967562e+00,3.391781e+00,-4.956219e+00,-4.686696e+00,2.659414e-02,0,6.121426e-01,-8.588404e-05,-9.768599e-01,4.522157e-01,9.675733e-01,9.270881e-01,6.804476e-01,1.051826e-01,4.474245e-01,-2.274053e-01,-1.345026e+00,-3.277935e-01,3.897251e-01,1.307826e+00,-4.321548e-03,0,-8.938672e-02
1.004458e-03,-2.178075e+00,1.534664e+00,-1.386572e+01,-4.524527e+00,9.980710e-01,5.256419e+00,2.732579e-02,2.225462e+00,3.556897e+00,1.146204e+00,-4.160372e+00,-1.815361e+00,2.296766e-02,0,3.933765e-01,-2.094116e-05,-1.700807e+00,2.897174e-02,5.994393e-01,2.524366e-01,2.612557e-02,-8.718687e-01,-1.038262e-01,3.950907e-01,-8.175392e-01,-5.120520e-01,-1.295222e-01,1.597750e+00,-4.230886e-03,0,-1.228336e-01
1.023040e-03,-4.220806e+00,1.658404e+00,-1.342379e+01,-5.336020e+00,1.475712e+00,4.024792e+00,4.299400e-01,2.503476e+00,2.950198e+00,-1.297762e+00,-5.346974e+00,5.195715e-01,2.055001e-02,0,3.554558e-01,8.290822e-05,-2.191039e+00,-1.982934e-01,3.621778e-01,3.526589e-01,-6.361644e-01,-1.101767e+00,4.366169e-01,1.086933e+00,1.585079e-01,6.591867e-01,6.328788e-02,1.201533e+00,-3.535812e-03,0,-8.014613e-02
1.168212e-03,-7.318405e+00,5.777645e-01,-1.321747e+01,-5.383198e+00,-1.268929e+00,1.564256e+00,2.844388e-01,5.496666e+00,5.186887e+00,2.884435e+00,-5.297406e+00,1.435970e+00,1.299486e-02,0,1.587403e-01,1.795108e-04,-2.401828e+00,-4.105382e-01,4.197826e-01,1.259017e+00,-7.706510e-01,-6.910191e-01,5.615102e-01,1.307150e+00,7.940187e-01,2.065047e+00,8.201518e-02,2.748463e-01,-1.208820e-04,0,-7.146495e-03
1.428325e-03,-9.465070e+00,7.899758e-01,-1.264955e+01,-2.612481e+00,-1.159442e+00,2.521366e+00,2.855024e+00,6.879755e+00,5.945107e+00,5.818599e+00,-4.071262e+00,-3.046975e-01,1.390148e-02,0,3.287301e-01,2.065955e-04,-2.120832e+00,-4.074070e-01,5.878960e-01,2.331625e+00,-4.631994e-01,-9.971023e-03,1.054669e-01,2.561396e-01,4.797482e-01,2.079386e+00,2.514009e-01,-1.714900e-01,5.741917e-03,0,2.433688e-02
1.699370e-03,-1.156508e+01,-8.381323e-02,-1.215393e+01,4.087906e-01,-1.537607e+00,2.553036e+00,1.622335e+00,6.573071e+00,6.029537e+00,7.913256e+00,-4.388152e+00,-2.899456e-02,2.568752e-02,0,3.710068e-01,1.278435e-04,-1.512291e+00,-3.888193e-01,7.939621e-01,2.279822e+00,7.898907e-02,3.165190e-01,-5.702338e-01,-7.121111e-01,-4.507493e-01,2.121710e-01,-3.141801e-01,2.334398e-01,9.670596e-03,0,1.268302e-02
1.790439e-03,-1.270163e+01,-4.784175e-02,-1.101608e+01,3.426112e+00,-7.059459e-01,3.480546e+00,2.883263e-01,3.245971e+00,4.927614e+00,6.584756e+00,-4.544596e+00,3.946040e-01,4.291327e-02,0,3.710068e-01,-2.499791e-05,-6.899759e-01,-4.913378e-01,6.719386e-01,1.132615e+00,-8.748908e-02,1.160990e-01,-1.234213e+00,-8.840520e-01,-8.280426e-01,-1.686839e+00,-8.358707e-01,8.939748e-01,9.428832e-03,0,-4.125531e-02
1.626373e-03,-1.326158e+01,-9.474233e-01,-1.006439e+01,2.996614e+00,-1.100732e+00,2.667260e+00,-1.283381e+00,3.753003e+00,3.441886e+00,3.562211e+00,-6.631639e+00,2.253518e+00,4.684195e-02,0,2.010170e-01,-1.570362e-04,5.021188e-01,-1.429017e-01,3.027820e-01,-6.984832e-02,-1.718359e-01,2.473946e-01,-4.795868e-01,-5.207815e-01,-1.179147e+00,-2.943118e+00,-1.544777e-01,9.694130e-01,5.409490e-03,0,-1.227607e-02
1.339834e-03,-1.206670e+01,-1.234908e+00,-1.033462e+01,1.756685e+00,-1.815325e+00,3.044749e+00,-1.863185e+00,3.869529e+00,3.098719e+00,-4.400732e-01,-7.128872e+00,3.023920e+00,5.046843e-02,0,2.074485e-01,-1.566739e-04,1.684139e+00,1.078770e-01,4.378615e-02,-9.566425e-01,-8.235483e-01,7.120280e-02,5.320602e-01,2.992210e-02,-7.650887e-01,-2.465369e+00,7.889517e-01,6.352592e-01,9.972795e-04,0,6.727886e-02
1.139491e-03,-9.371951e+00,-2.047888e-01,-1.098075e+01,8.942627e-01,-1.842097e+00,4.007908e+00,3.001567e-01,3.657384e+00,1.048247e+00,-3.289921e+00,-3.868402e+00,3.503412e+00,4.895739e-02,0,3.914057e-01,-2.616161e-05,2.434046e+00,4.797543e-01,4.935242e-01,-1.377780e+00,-1.919330e+00,-3.875696e-01,1.176131e+00,4.861568e-01,-1.874835e-01,-1.044485e+00,2.143242e+00,-3.512486e-01,-3.082503e-03,0,1.264458e-01
1.250510e-03,-6.225749e+00,1.202260e-01,-1.033897e+01,-3.059252e-01,-4.453005e+00,3.166236e+00,2.156858e+00,3.443391e+00,2.298990e+00,-2.316020e+00,-1.981456e+00,2.945953e+00,4.684195e-02,0,6.122068e-01,1.286511e-04,2.429100e+00,4.346859e-01,1.251846e+00,-2.148899e+00,-2.850022e+00,-1.513122e+00,7.823979e-01,1.248419e+00,2.926581e-01,1.298689e-01,2.529307e+00,-8.751484e-01,-7.011184e-03,0,1.182838e-01
1.540227e-03,-4.011826e+00,7.737813e-01,-7.594598e+00,-2.860983e+00,-9.378540e+00,6.686683e-01,2.587255e+00,6.396856e+00,2.904333e+00,-7.222427e-01,1.510861e+00,5.362584e-01,3.324267e-02,0,6.308669e-01,2.020988e-04,1.725303e+00,3.501058e-01,1.498754e+00,-3.101068e+00,-2.566595e+00,-2.443201e+00,-4.471776e-01,1.885418e+00,3.611122e-01,6.538244e-01,2.058880e+00,-1.168748e+00,-8.099124e-03,0,6.338947e-02
1.782722e-03,-2.601262e+00,4.492364e-01,-5.768467e+00,-7.110186e+00,-1.229721e+01,-2.851240e+00,9.052550e-01,8.741890e+00,3.633966e+00,-1.074568e+00,2.828032e+00,1.317553e-01,2.326987e-02,0,6.791370e-01,1.556965e-04,9.204961e-01,5.671351e-01,9.617793e-01,-3.440510e+00,-1.048227e+00,-2.890618e+00,-1.389046e+00,1.683725e+00,-2.618293e-01,4.857038e-01,1.276823e+00,-7.557691e-01,-6.557873e-03,0,1.745821e-02
1.883879e-03,-2.557678e+00,1.381235e+00,-5.772233e+00,-1.120895e+01,-1.075297e+01,-5.199357e+00,-1.309929e+00,1.043522e+01,2.186320e+00,-6.415247e-01,4.021252e+00,-9.332296e-01,2.024781e-02,0,6.748880e-01,5.048416e-05,2.912257e-01,8.941738e-01,3.421416e-01,-2.830368e+00,2.087603e-02,-2.854070e+00,-1.759755e+00,8.253918e-01,-8.956410e-01,2.964367e-01,1.916641e-01,-9.113388e-02,-2.326987e-03,0,8.653569e-03
1.857166e-03,-2.350343e+00,2.652174e+00,-6.441259e+00,-1.333449e+01,-9.006926e+00,-8.352843e+00,-2.839782e+00,9.842834e+00,1.348850e+00,7.214000e-02,3.147464e+00,-9.814898e-02,2.055001e-02,0,6.774874e-01,-4.667242e-05,9.490629e-02,1.127669e+00,1.756496e-01,-1.298859e+00,-3.832867e-01,-2.217116e+00,-1.488748e+00,-1.676915e-01,-1.201913e+00,3.362204e-01,-2.026619e-01,4.143181e-01,1.601693e-03,0,-1.233339e-04
1.755425e-03,-2.681157e+00,4.143181e+00,-5.547494e+00,-1.390067e+01,-1.091930e+01,-1.085088e+01,-4.339001e+00,9.973343e+00,-4.313143e-01,1.865869e-01,2.309466e+00,1.955411e-01,2.296766e-02,0,6.749596e-01,-1.242181e-04,2.233944e-01,8.392498e-01,3.953871e-01,6.655644e-01,-8.705792e-01,-1.218045e+00,-9.712045e-01,-1.009170e+00,-1.339035e+00,-2.588924e-01,-3.883608e-01,5.803638e-01,4.744635e-03,0,-2.258533e-03
1.613587e-03,-2.064991e+00,4.706607e+00,-5.002588e+00,-1.225862e+01,-1.413048e+01,-1.111106e+01,-5.023950e+00,8.134372e+00,-1.066779e+00,1.924785e-01,2.670615e+00,1.638960e+00,2.991840e-02,0,6.784845e-01,-1.662403e-04,3.730081e-01,5.060014e-01,5.542877e-01,2.318123e+00,-2.229424e-01,8.142595e-02,-6.731960e-01,-1.571305e+00,-1.270165e+00,-7.190374e-01,-7.445376e-02,2.540234e-01,5.983681e-03,0,-8.969736e-03
1.384579e-03,-1.583381e+00,4.550268e+00,-4.514633e+00,-8.419063e+00,-1.254409e+01,-9.910475e+00,-5.073868e+00,6.243603e+00,-3.301039e+00,-1.996156e+00,2.317872e+00,1.100035e+00,3.928679e-02,0,6.630967e-01,-1.753822e-04,3.245999e-01,1.904957e-01,6.838034e-01,3.342082e+00,1.550232e+00,1.131501e+00,-3.898848e-01,-1.820739e+00,-7.469485e-01,-7.088658e-01,-1.197384e-01,-6.990851e-01,4.684195e-03,0,-1.790268e-02
1.211388e-03,-1.034190e+00,4.978638e+00,-4.186251e+00,-4.484678e+00,-9.309246e+00,-8.415915e+00,-5.838329e+00,3.851179e+00,-3.567112e+00,-2.431676e+00,2.770992e+00,7.197214e-01,4.230886e-02,0,6.385701e-01,-1.453717e-04,2.793909e-02,2.652122e-01,7.683336e-01,2.803611e+00,2.415092e+00,1.868345e+00,5.104690e-02,-1.347954e+00,-1.759723e-01,-3.540045e-01,-1.300368e-01,-1.355773e+00,8.159570e-04,0,-2.568654e-02
1.079614e-03,-1.573558e+00,4.959644e+00,-2.536646e+00,-1.077231e+00,-5.578758e+00,-6.540946e+00,-5.881236e+00,3.011247e+00,-2.915891e+00,-2.045665e+00,1.660585e+00,-2.840265e+00,4.019341e-02,0,6.054034e-01,-9.145923e-05,-2.069366e-01,4.124993e-01,6.504107e-01,1.365451e+00,1.841533e+00,2.028856e+00,4.194745e-01,-4.440321e-01,8.518167e-01,1.146840e-01,-4.305090e-01,-1.177567e+00,-2.206104e-03,0,-6.384142e-02
1.039211e-03,-1.930207e+00,5.827980e+00,-2.149914e+00,-1.911479e+00,-5.537685e+00,-3.454102e+00,-4.365032e+00,3.010781e+00,-2.139215e+00,-1.552789e+00,2.349074e+00,-3.169757e+00,3.354488e-02,0,5.788985e-01,-5.402443e-05,-3.403806e-01,4.729536e-01,3.904949e-01,2.073338e-01,1.211847e+00,1.882381e+00,4.490986e-01,1.240350e-01,9.562076e-01,2.397063e-01,-6.957489e-01,-5.899829e-01,-2.266546e-03,0,-1.135188e-01
1.013371e-03,-2.170056e+00,6.188093e+00,-2.280749e+00,-2.878405e+00,-5.222202e+00,-2.247101e+00,-3.713144e+00,4.443641e+00,2.440953e-01,-1.862179e+00,3.762859e-01,-2.843064e+00,3.263826e-02,0,3.737254e-01,-3.436497e-05,-2.967374e-01,5.455412e-01,1.009658e-01,9.352003e-02,7.137130e-01,6.072175e-01,-2.232312e-01,1.163060e-01,1.360386e+00,7.606164e-01,-6.974960e-01,1.027141e-01,-6.044097e-05,0,-1.602890e-01
9.743869e-04,-2.437844e+00,6.729182e+00,-2.361725e+00,-2.547422e+00,-3.428290e+00,-1.150933e+00,-4.676882e+00,3.755157e+00,-3.660668e-01,-1.324887e+00,-6.560280e-02,-2.228793e+00,3.475370e-02,0,1.868152e-01,-2.978272e-05,-3.435700e-01,2.476171e-01,1.396872e-01,8.124043e-01,5.385645e-01,-5.509506e-01,-4.306844e-01,-2.801297e-02,1.376724e+00,1.439430e+00,-4.357696e-01,2.983710e-01,1.692354e-03,0,-1.531522e-01
9.402009e-04,-2.803427e+00,7.236750e+00,-1.925911e+00,-2.916594e-01,-3.064891e+00,-4.656443e+00,-6.841466e+00,3.220589e+00,2.999466e+00,1.643466e+00,-6.195560e-01,-2.797176e+00,3.928680e-02,0,0,-2.188533e-05,-4.210643e-01,7.342014e-02,2.617320e-01,7.327486e-01,-3.572416e-01,-1.183320e+00,1.202716e-01,-1.700164e-01,1.229324e+00,1.853501e+00,3.924603e-01,8.318406e-01,-3.022067e-05,0,-9.342661e-02
9.268821e-04,-3.331372e+00,6.541737e+00,-1.628896e+00,8.571696e-01,-3.923518e+00,-5.004184e+00,-4.954293e+00,3.482242e+00,3.366717e+00,3.891536e+00,6.681471e-01,-1.700846e+00,3.868238e-02,0,0,-6.227015e-06,-6.833563e-01,-3.653845e-01,3.134997e-01,-3.452259e-01,-1.233492e+00,-3.912657e-01,1.262893e+00,-5.444976e-01,3.467364e-01,1.251233e+00,1.759239e-01,8.773471e-01,-3.354488e-03,0,-6.698424e-03
9.276969e-04,-3.828614e+00,6.648916e+00,-1.338503e+00,-9.169583e-01,-6.760796e+00,-6.237076e+00,-2.973081e+00,3.730017e+00,4.524323e+00,4.797114e+00,1.971712e+00,1.052165e+00,3.052282e-02,0,0,1.112018e-05,-6.274291e-01,-4.568488e-01,1.325700e-01,-1.615673e+00,-1.667320e+00,4.903663e-01,1.885852e+00,-1.130315e+00,-1.407775e+00,-1.547607e-01,-1.645154e-01,7.113689e-01,-5.621034e-03,0,8.559431e-02
9.495039e-04,-5.342032e+00,5.196176e+00,-1.087931e+00,-3.960902e+00,-7.747797e+00,-2.316945e+00,-2.966073e-01,7.779555e-01,6.051866e-01,3.354453e+00,-4.816175e-01,2.332714e-01,2.236325e-02,0,1.533231e-01,2.273407e-05,-3.425038e-01,-3.580332e-01,-2.610478e-01,-2.175074e+00,-1.439925e+00,2.363177e-01,9.938609e-01,-1.663287e+00,-2.095955e+00,-1.247851e+00,-1.197134e+00,-1.988399e-01,-4.865518e-03,0,1.485693e-01
9.844910e-04,-4.935242e+00,5.625286e+00,-1.533544e+00,-5.960989e+00,-9.489348e+00,-3.548231e+00,2.589528e-01,-1.078841e+00,-2.658643e+00,1.138204e+00,-8.672507e-01,-2.073898e-01,1.934119e-02,0,3.513100e-01,5.782485e-05,-4.213910e-02,-1.017518e-01,-1.204123e-01,-2.386527e+00,-1.434000e+00,-7.301927e-01,-5.792299e-01,-1.960260e+00,-1.538087e+00,-1.099001e+00,-1.495315e+00,-1.202249e+00,-2.115442e-03,0,1.646465e-01
1.012155e-03,-4.490576e+00,5.263386e+00,-2.836614e+00,-7.496184e+00,-9.758868e+00,-5.167018e+00,-1.601005e+00,-2.429761e+00,-3.521575e+00,-5.182641e-01,-3.898043e+00,-2.065268e+00,1.994560e-02,0,5.671915e-01,8.579359e-05,-1.347203e-02,-3.519821e-03,3.547187e-01,-2.373378e+00,-1.979458e+00,-1.660888e+00,-1.697020e+00,-1.777117e+00,-1.276012e-01,5.247964e-01,-8.318937e-01,-1.258672e+00,1.813237e-04,0,1.174366e-01
1.185495e-03,-4.465037e+00,6.106552e+00,-1.066223e+00,-1.108195e+01,-1.292526e+01,-8.463002e+00,-5.217031e+00,-4.467423e+00,-1.102731e+00,1.238469e+00,-3.796649e+00,-3.809813e+00,2.115443e-02,0,6.162984e-01,1.065211e-04,-3.590430e-01,-4.733714e-01,1.212043e+00,-2.323964e+00,-2.654399e+00,-1.131662e+00,-8.803647e-01,-1.610268e+00,8.781479e-01,2.495044e+00,1.431110e-01,-7.620996e-01,1.269265e-03,0,5.683690e-02
1.277970e-03,-5.644495e+00,4.937944e+00,4.520020e-01,-1.326731e+01,-1.592713e+01,-8.164001e+00,-6.043714e+00,-6.413338e+00,-8.107748e-01,5.928303e+00,-3.176387e+00,-4.258879e+00,2.236325e-02,0,6.080118e-01,7.142067e-05,-5.129751e-01,-7.863230e-01,1.350786e+00,-8.688051e-01,-2.882690e+00,-1.495759e-01,1.515464e+00,-7.839322e-03,1.120522e+00,2.772743e+00,1.217342e+00,4.294391e-01,1.178604e-03,0,3.665119e-03
1.384189e-03,-6.153498e+00,3.421150e+00,2.882362e+00,-1.469524e+01,-1.967721e+01,-7.708047e+00,-1.921516e+00,-7.138394e+00,3.766966e-01,1.039014e+01,-5.125239e-01,-2.921082e+00,2.447869e-02,0,6.150844e-01,-2.069981e-06,-4.636979e-01,-9.524107e-01,5.303537e-01,1.119512e+00,-1.483840e+00,1.034255e+00,3.465295e+00,1.735860e+00,1.207007e+00,1.004606e+00,8.757429e-01,9.536003e-01,4.230883e-04,0,-1.464638e-02
1.269912e-03,-6.211221e+00,2.674472e+00,1.943023e+00,-1.003356e+01,-2.079635e+01,-6.292375e+00,4.328556e+00,-1.133472e+00,1.341320e+00,8.769614e+00,5.466044e-01,-3.624372e-01,2.417649e-02,0,5.861242e-01,-3.537240e-05,-1.226156e-01,-8.340481e-01,-9.321310e-01,2.843377e+00,8.860504e-01,1.121345e+00,3.227757e+00,3.717591e+00,1.459723e+00,-2.606193e+00,-2.906125e-01,7.636263e-01,-1.239045e-03,0,-2.253285e-02
1.179174e-03,-6.500164e+00,2.476235e+00,8.400356e-01,-7.101265e+00,-1.790985e+01,-4.227540e+00,6.923311e+00,1.571944e+00,3.856255e+00,4.840846e+00,-1.279431e+00,-9.900317e-01,2.236325e-02,0,5.540104e-01,-5.254881e-05,2.287716e-01,-7.292889e-01,-2.233071e+00,3.043439e+00,3.275445e+00,9.772600e-01,1.510489e+00,4.293233e+00,1.178327e+00,-4.808497e+00,-9.942815e-01,2.452194e-01,-2.508310e-03,0,-2.489648e-02
1.203615e-03,-6.084240e+00,1.240161e+00,-3.187490e+00,-2.847415e+00,-1.238056e+01,-4.297532e+00,5.672655e+00,7.819446e+00,4.748062e+00,-4.328015e+00,-4.245996e+00,-1.406273e+00,1.722575e-02,0,5.258846e-01,-2.248154e-05,5.862395e-01,-7.333227e-01,-2.714752e+00,1.618757e+00,4.352202e+00,8.041608e-01,-4.483044e-01,3.391190e+00,8.220018e-01,-4.351383e+00,-5.613757e-01,4.054982e-01,-3.475370e-03,0,-1.190036e-02
1.154594e-03,-5.073131e+00,4.918617e-01,-5.717737e+00,-3.071123e+00,-7.507875e+00,-3.819169e+00,4.958880e+00,9.851314e+00,4.564960e+00,-7.103536e+00,-3.087631e+00,-1.173068e+00,1.541251e-02,0,5.207217e-01,-2.380970e-05,6.575615e-01,-2.470002e-01,-2.148127e+00,3.061022e-01,3.643709e+00,1.077090e+00,-1.322369e+00,1.655071e+00,2.214565e-01,-1.877535e+00,5.919009e-01,1.375985e+00,-3.596253e-03,0,-1.929998e-03
1.169794e-03,-3.993541e+00,4.482269e-05,-8.351850e+00,-3.954850e+00,-4.236326e+00,-2.475756e+00,3.069249e+00,1.168280e+01,5.096975e+00,-7.015112e+00,-1.356174e+00,1.756572e+00,1.027501e-02,0,5.432667e-01,-2.946563e-05,5.374442e-01,9.941302e-02,-1.202901e+00,-5.529382e-01,2.431292e+00,1.817195e+00,-1.517241e+00,-4.783884e-01,2.436018e-03,8.295013e-01,9.885949e-01,2.349450e+00,-2.085222e-03,0,4.320735e-03
1.077036e-03,-4.257706e+00,1.861292e+00,-7.318419e+00,-5.017036e+00,-3.763426e+00,2.470242e-01,1.613171e+00,7.915623e+00,4.789080e+00,-3.203281e+00,2.351631e-01,4.308469e+00,7.857359e-03,0,5.356693e-01,-1.983813e-05,3.079999e-01,1.798331e-01,-8.147961e-01,-5.435613e-01,1.266562e+00,1.884023e+00,-1.230877e+00,-1.872784e+00,-7.660117e-01,1.374224e+00,2.817859e-01,2.134073e+00,1.420368e-03,0,5.968380e-03
1.095066e-03,-3.804731e+00,1.052511e+00,-8.401653e+00,-4.639150e+00,-2.096324e+00,2.755346e+00,-2.406974e-01,6.395350e+00,4.648182e+00,-2.130635e+00,-9.644186e-01,7.600206e+00,1.057721e-02,0,5.400144e-01,-1.857153e-05,1.323400e-01,-8.277947e-02,-9.916756e-01,-4.250091e-01,6.934452e-01,1.537542e+00,-2.905694e-01,-2.089298e+00,-1.568268e+00,1.011485e+00,5.215125e-02,8.963604e-01,6.346329e-03,0,4.172868e-03
1.092767e-03,-3.627536e+00,8.647938e-01,-9.766815e+00,-5.446780e+00,-2.245067e+00,2.985397e+00,4.594671e-01,3.131117e+00,9.592986e-01,-2.674656e+00,-1.874579e+00,6.575481e+00,2.236325e-02,0,5.521898e-01,-7.077702e-06,1.672204e-01,-4.230566e-01,-1.649816e+00,-2.054594e-01,4.068393e-01,6.779089e-01,4.286850e-01,-1.759305e+00,-1.841216e+00,5.753177e-01,3.370407e-01,-2.743949e-01,8.038683e-03,0,7.405400e-03
1.069071e-03,-3.646926e+00,8.439654e-02,-1.208603e+01,-5.865024e+00,-1.528279e+00,3.842767e+00,2.193254e+00,3.628557e+00,-8.294740e-01,-2.221997e+00,-4.054650e-02,5.104868e+00,3.475371e-02,0,5.558708e-01,-2.198631e-06,1.399898e-01,-4.532401e-01,-1.562847e+00,1.178344e-01,4.825372e-01,3.069384e-01,8.200691e-01,-1.581485e+00,-1.067378e+00,9.805027e-01,1.054369e+00,-8.131668e-01,4.805077e-03,0,5.340231e-03
1.054645e-03,-3.500507e+00,2.300663e-01,-1.372531e+01,-5.431396e+00,-2.013252e+00,3.092858e+00,2.539620e+00,5.024939e-01,-1.678172e+00,-2.810118e-01,1.458431e+00,4.184164e+00,3.596253e-02,0,5.647681e-01,2.253889e-05,2.494676e-01,-6.828938e-01,-1.336542e+00,5.047334e-01,1.037638e+00,7.734580e-01,5.296172e-01,-1.792434e+00,-4.586498e-02,1.390389e+00,8.545035e-01,-5.757441e-01,-8.763978e-04,0,6.472051e-03
1.103134e-03,-3.168297e+00,-8.963253e-01,-1.423664e+01,-4.057669e+00,2.004548e-01,4.236307e+00,2.819571e+00,-1.977617e-01,6.300282e-01,1.575056e+00,2.640922e+00,4.730031e+00,2.780296e-02,0,5.604264e-01,4.086717e-05,2.727380e-01,-8.273527e-01,-7.684935e-01,7.951205e-01,1.512603e+00,1.271366e+00,-1.964837e-01,-2.258975e+00,2.232740e-01,1.464987e+00,1.949483e-02,-5.200843e-01,-2.417650e-03,0,1.244445e-02
1.188431e-03,-2.619512e+00,-2.059314e+00,-1.537422e+01,-3.826790e+00,2.078755e+00,6.655917e+00,2.794395e+00,-3.917894e+00,2.226035e-04,2.378765e+00,1.057204e+00,3.884179e+00,2.145663e-02,0,5.822722e-01,2.606044e-05,4.038556e-02,-8.233914e-01,-3.375761e-01,6.523131e-01,1.476230e+00,1.238788e+00,-8.661068e-01,-1.655125e+00,-2.496531e-02,9.126190e-01,-1.047262e+00,-7.684432e-01,3.173164e-03,0,-2.378699e-02
1.206514e-03,-2.723733e+00,-2.907677e+00,-1.510404e+01,-2.691725e+00,3.988732e+00,8.418069e+00,1.083448e+00,-5.456121e+00,-5.523012e-01,3.773048e+00,2.575411e-01,2.654439e+00,2.991840e-02,0,6.093410e-01,-2.226738e-05,-2.544657e-01,-4.736442e-01,8.595753e-02,3.607464e-01,5.794678e-01,2.299337e-01,-1.524844e+00,-5.871499e-01,-2.212607e-01,5.178039e-02,-1.612806e+00,-9.305367e-01,1.090964e-02,0,-8.645125e-02
1.133257e-03,-3.520861e+00,-2.881215e+00,-1.497949e+01,-2.852803e+00,3.473760e+00,7.195919e+00,-9.228523e-01,-5.143954e+00,-1.211834e+00,3.183087e+00,-2.586188e+00,1.379744e+00,5.077063e-02,0,4.213759e-01,-6.467865e-05,-4.750711e-01,-8.020718e-02,2.482820e-01,-5.352743e-02,-5.191507e-01,-1.220025e+00,-1.386736e+00,1.374982e+00,-8.689025e-02,-8.863192e-01,-1.224905e+00,-6.708390e-01,1.375038e-02,0,-1.565267e-01
1.019384e-03,-3.989951e+00,-2.853596e+00,-1.400422e+01,-2.740931e+00,2.400291e+00,5.115974e+00,-2.946025e+00,-2.520481e+00,1.297525e-01,1.431797e+00,-3.601413e+00,1.329565e+00,6.769416e-02,0,2.086183e-01,-7.362993e-05,-4.161945e-01,2.563636e-01,3.994595e-01,-2.650794e-01,-1.463646e+00,-2.040550e+00,-6.230816e-01,2.374494e+00,-8.685649e-02,-1.686977e+00,-6.038582e-01,-1.674276e-01,7.796918e-03,0,-1.640058e-01
9.586026e-04,-4.361759e+00,-2.487391e+00,-1.468272e+01,-4.069824e+00,2.772220e-01,2.206839e+00,-2.124549e+00,1.489194e+00,-7.752555e-01,-8.822053e-01,-3.137846e+00,1.192421e+00,7.132065e-02,0,0,-5.644460e-05,-3.311295e-01,6.518614e-01,8.130237e-01,-1.181522e-01,-1.753883e+00,-1.803611e+00,3.343990e-01,2.143895e+00,-3.523884e-01,-1.471120e+00,6.468593e-01,6.818013e-01,-3.082501e-03,0,-1.051370e-01
9.256918e-04,-4.384257e+00,-1.822771e+00,-1.325513e+01,-3.408612e+00,-1.731231e+00,7.098588e-01,-1.431111e+00,3.099772e+00,-1.204873e+00,-2.629192e+00,-2.485921e+00,1.910962e+00,5.862798e-02,0,0,-3.054761e-05,-3.364441e-01,1.253284e+00,1.433394e+00,2.227019e-01,-1.375938e+00,-9.255865e-01,7.674785e-01,1.188383e+00,-3.578188e-01,-8.584493e-01,9.797470e-01,1.067138e+00,-1.281354e-02,0,-4.172366e-02
8.978800e-04,-4.979355e+00,-1.373204e-01,-1.128892e+01,-3.109724e+00,-3.229893e+00,3.809230e-01,-8.314490e-03,2.765396e+00,-2.306463e+00,-2.142017e+00,9.036231e-02,4.498051e+00,3.989121e-02,0,0,-1.413973e-05,-4.043437e-01,1.705000e+00,1.988111e+00,9.295778e-01,-4.411717e-01,-1.509483e-01,4.338793e-01,9.269500e-02,-7.573353e-02,-7.386507e-02,9.148614e-01,9.161971e-01,-1.686310e-02,0,0
8.970069e-04,-5.363373e+00,2.237790e+00,-8.534149e+00,-2.107471e+00,-2.725841e+00,1.400999e+00,-1.667498e-01,2.783333e+00,-8.937375e-01,-2.230544e+00,-3.167820e-01,5.012442e+00,1.934119e-02,0,0,-7.266656e-06,-5.143390e-01,1.463506e+00,1.695494e+00,1.048675e+00,2.734771e-01,1.035981e-01,-7.620648e-02,-1.955736e-01,3.672262e-01,9.844974e-01,5.616401e-01,4.542112e-02,-1.468722e-02,0,0
9.022464e-04,-5.893919e+00,4.007331e+00,-7.102656e+00,-7.250556e-02,-1.431332e+00,1.106527e+00,-5.873330e-01,2.110889e+00,-1.309491e+00,-1.450855e+00,3.518914e-01,4.222667e+00,6.648534e-03,0,0,-7.813162e-06,-6.131750e-01,4.990156e-01,8.745810e-01,7.296052e-01,4.782442e-01,3.839849e-02,-5.816702e-01,-6.196898e-01,8.574398e-01,1.931409e+00,1.910472e-01,-8.482715e-01,-6.527652e-03,0,0
8.871753e-04,-6.498670e+00,3.422435e+00,-6.870788e+00,3.161564e-01,-1.263126e+00,8.650472e-01,-1.522634e+00,2.449158e+00,1.327720e-01,1.947713e+00,1.915151e-01,2.275760e+00,1.813237e-03,0,0,-1.197562e-05,-7.099146e-01,-5.677851e-01,-3.433738e-02,-8.182873e-02,3.117293e-01,1.940921e-01,-4.879484e-01,-7.509813e-01,1.287993e+00,3.059241e+00,7.597991e-01,-7.710274e-01,6.436990e-03,0,0
8.637300e-04,-7.477582e+00,1.765435e+00,-7.747692e+00,-6.735115e-01,-1.570029e+00,8.408914e-01,-2.238724e+00,-1.659652e-01,1.467481e+00,5.425901e+00,7.914498e-01,1.625034e+00,1.601692e-02,0,0,-1.223294e-05,-6.005141e-01,-9.141971e-01,-2.753766e-01,-7.328289e-01,3.261691e-02,5.893133e-01,-7.385395e-02,-9.711922e-01,1.438995e+00,2.663412e+00,1.014939e+00,-4.506958e-02,1.628891e-02,0,0
8.563870e-04,-8.121115e+00,5.198122e-01,-8.383318e+00,-2.216112e+00,-1.097845e+00,2.504277e+00,-1.780797e+00,1.668532e-01,4.157741e+00,9.627282e+00,3.262434e+00,2.456121e+00,4.684195e-02,0,0,-7.567642e-06,-4.504279e-01,-4.799673e-01,1.415736e-01,-4.082561e-01,1.337420e-01,6.257042e-01,5.439599e-01,-6.480858e-01,8.462875e-01,1.081740e+00,1.111293e+00,7.552766e-01,1.722575e-02,0,0
8.564758e-04,-8.085267e+00,8.876567e-01,-7.723274e+00,-2.470516e+00,-1.350888e+00,3.233479e+00,-8.275214e-01,-1.603920e+00,3.872998e+00,8.026420e+00,3.891129e+00,3.907139e+00,6.557872e-02,0,0,-3.831636e-06,-2.015316e-01,2.218167e-01,5.483328e-01,1.445090e-01,1.426769e-01,3.982471e-01,5.488623e-01,-2.268797e-01,-2.352090e-02,-6.791359e-01,6.152438e-01,7.685574e-01,6.527650e-03,0,0
8.529642e-04,-8.446967e+00,1.461488e+00,-6.175129e+00,-8.266217e-01,-7.039866e-01,2.797275e+00,4.915644e-01,-7.229304e-02,3.161452e+00,6.056152e+00,4.198139e+00,4.911090e+00,6.316108e-02,0,0,-2.360949e-06,-1.201125e-01,5.555580e-01,5.189520e-01,4.386706e-01,3.565718e-02,-4.226280e-01,6.362431e-02,4.031968e-01,-3.200789e-01,-1.095440e+00,9.826765e-02,3.589402e-01,-5.893019e-03,0,0
8.462832e-04,-8.322313e+00,2.403681e+00,-6.110123e+00,-6.457113e-01,-1.053574e+00,2.685628e+00,-6.305922e-01,-1.180791e+00,1.848022e+00,3.815786e+00,3.399816e+00,4.240337e+00,4.049562e-02,0,0,1.709481e-05,-1.497263e-01,1.795052e-01,4.650879e-03,8.883250e-02,-3.434617e-02,-7.148913e-01,-4.994168e-02,1.221747e+00,4.449771e-01,-1.588528e-01,2.523639e-01,2.003567e-01,-1.233001e-02,0,3.132742e-02
8.496786e-04,-8.603154e+00,2.539590e+00,-6.595133e+00,-9.351613e-01,-1.068216e+00,6.650627e-01,-1.561140e+00,1.971273e+00,3.569835e+00,6.255398e+00,3.999429e+00,4.084223e+00,2.991840e-02,0,0,3.455529e-05,-1.767655e-01,-3.745478e-01,-3.616463e-01,-4.839067e-01,-2.531931e-01,-7.568119e-01,3.665475e-01,1.817438e+00,1.352707e+00,7.930835e-01,5.143864e-01,5.017186e-01,-1.226957e-02,0,4.699113e-02
9.435927e-04,-8.755805e+00,1.246132e+00,-7.490017e+00,-1.972084e+00,-1.340504e+00,7.251287e-01,-5.087773e-02,3.483031e+00,5.893692e+00,7.132533e+00,5.252304e+00,5.322356e+00,2.055001e-02,0,1.566371e-01,3.862417e-05,-3.547611e-01,-8.405699e-01,-4.594277e-01,-6.411133e-01,-4.169904e-01,-5.377023e-01,1.086467e+00,2.400743e+00,1.860183e+00,9.400954e-01,6.622704e-01,6.673406e-01,-9.307948e-03,0,4.699113e-02
9.770859e-04,-9.114049e+00,1.675234e-01,-7.293414e+00,-2.582969e+00,-1.826487e+00,-6.535331e-03,2.034445e+00,6.682989e+00,7.902153e+00,8.363196e+00,5.843827e+00,6.878674e+00,1.178604e-02,0,1.566371e-01,1.228239e-05,-3.293889e-01,-6.431403e-01,-3.708561e-01,-5.133389e-01,-7.347715e-01,-3.299762e-01,6.913334e-01,1.893535e+00,1.132405e+00,3.116860e-02,3.248430e-01,2.028686e-01,-5.258386e-03,0,0
9.757004e-04,-9.840672e+00,-6.131350e-01,-8.058121e+00,-3.027374e+00,-2.759391e+00,3.329153e-01,3.003951e+00,8.467069e+00,8.982778e+00,7.462364e+00,5.788970e+00,6.179815e+00,3.022061e-03,0,1.566371e-01,-2.248708e-05,-2.773310e-01,-1.084375e-01,-2.088804e-01,-2.435035e-01,-8.102551e-01,-3.876603e-01,-3.750055e-01,1.113349e+00,-4.012747e-02,-7.034293e-01,-3.951507e-01,-3.017681e-01,9.066185e-04,0,-4.699113e-02
8.950367e-04,-9.707665e+00,2.535225e-01,-8.165362e+00,-2.974211e+00,-4.032630e+00,-7.887115e-01,3.681130e-01,8.946927e+00,7.687317e+00,6.246325e+00,5.355311e+00,4.669837e+00,1.239045e-02,0,0,-2.901728e-05,-4.138203e-02,3.139754e-01,2.159888e-01,2.795957e-01,-3.100010e-01,-1.198071e-01,-1.365649e+00,-1.324607e-01,-9.867691e-01,-1.087591e+00,-9.024905e-01,-3.886558e-01,5.500151e-03,0,-4.699113e-02
8.721819e-04,-9.845652e+00,6.609446e-01,-8.098445e+00,-2.993980e+00,-4.288707e+00,-8.220845e-01,-1.092739e+00,7.917809e+00,5.800473e+00,4.673822e+00,3.520808e+00,4.917934e+00,2.478090e-02,0,0,-1.743518e-05,2.885214e-01,5.488479e-01,7.743639e-01,8.148063e-01,5.849958e-01,3.540782e-01,-1.349874e+00,-9.294421e-01,-1.579697e+00,-1.169873e+00,-1.290718e+00,2.863311e-01,4.200665e-03,0,-3.132742e-02
8.837588e-04,-9.318469e+00,1.100361e+00,-6.193307e+00,-1.201687e+00,-2.611834e+00,-2.807093e-02,-2.745453e+00,6.295315e+00,4.559460e+00,4.319511e+00,2.465455e+00,5.566335e+00,2.840737e-02,0,0,1.595356e-07,4.797687e-01,4.445972e-01,9.622749e-01,1.397484e+00,1.390540e+00,8.882036e-01,-2.301698e-01,-1.063850e+00,-1.844170e+00,-1.634214e+00,-1.527045e+00,6.010898e-01,-1.964340e-03,0,0
8.941634e-04,-8.592663e+00,1.707685e+00,-5.172328e+00,1.603953e-01,-5.448099e-01,1.722986e+00,-2.188637e+00,5.145664e+00,2.648219e+00,2.576407e+00,7.803085e-01,7.163221e+00,1.601692e-02,0,0,1.502299e-06,7.409188e-01,4.822562e-01,3.555630e-01,1.601095e+00,1.886519e+00,8.303272e-01,1.675007e-01,-6.694701e-01,-1.726607e+00,-2.477864e+00,-1.531302e+00,1.672811e-01,-2.689635e-03,0,0
8.848436e-04,-7.935317e+00,1.953138e+00,-4.817046e+00,2.436022e+00,1.048120e+00,2.379771e+00,-2.347867e-01,5.013752e+00,4.259523e-02,-8.760355e-01,-9.096625e-01,6.552642e+00,6.950740e-03,0,0,-4.082720e-06,7.325937e-01,4.352719e-01,-5.173393e-01,1.207059e+00,1.619482e+00,4.329865e-01,4.994700e-01,-5.760431e-03,-1.461837e+00,-2.618523e+00,-1.610396e+00,-9.067711e-01,4.956179e-03,0,0
8.791510e-04,-6.832634e+00,2.645837e+00,-7.008761e+00,3.192640e+00,3.313911e+00,2.125630e+00,-1.510569e+00,5.211240e+00,-5.741284e-01,-5.117725e+00,-2.448144e+00,5.261186e+00,2.206104e-02,0,0,-5.431043e-06,6.168437e-01,2.794236e-01,-9.833574e-01,7.459322e-01,1.194237e+00,2.096914e-01,-1.579875e-01,1.312123e-01,-7.192743e-01,-1.627132e+00,-9.981312e-01,-1.714043e+00,1.713509e-02,0,0
8.708514e-04,-6.535515e+00,2.807645e+00,-7.861788e+00,3.317484e+00,3.556217e+00,1.935540e+00,-5.871372e-01,6.233725e+00,-1.138550e+00,-4.926039e+00,-3.972298e+00,1.983497e+00,5.016621e-02,0,0,-3.209145e-06,2.842080e-01,-3.411434e-02,-8.923670e-01,3.117845e-01,8.178776e-01,4.798592e-01,-2.012263e-01,-1.212783e-01,-2.910534e-01,-6.949198e-02,-2.630212e-01,-1.352196e+00,2.000604e-02,0,0
8.740043e-04,-6.208345e+00,2.677550e+00,-8.566745e+00,3.449325e+00,4.172328e+00,2.993559e+00,-2.802399e+00,5.191739e+00,-3.575803e-01,-3.534253e+00,-2.679029e+00,8.775773e-01,8.008461e-02,0,0,3.034598e-06,-1.458042e-01,-2.301902e-01,-1.556678e-01,3.394049e-01,4.798780e-01,4.525409e-01,1.293167e-01,-2.899058e-01,5.607373e-02,9.296883e-01,3.582136e-01,-4.111958e-01,9.005743e-03,0,0
8.713712e-04,-6.826421e+00,1.766710e+00,-8.499888e+00,3.866602e+00,4.708300e+00,4.345103e+00,-5.950029e-01,4.417110e+00,-1.520946e+00,-2.015232e+00,-2.109326e+00,1.983467e+00,7.796918e-02,0,0,1.296140e-05,-4.442544e-01,-2.278444e-01,7.380205e-01,4.139168e-01,3.367908e-01,-1.361851e-01,2.650995e-01,-2.046023e-01,6.401898e-01,8.274210e-01,3.677015e-01,6.860750e-01,-8.733755e-03,0,0
8.940641e-04,-7.416202e+00,2.015353e+00,-7.468050e+00,4.615105e+00,5.137260e+00,3.183553e+00,-8.600526e-01,4.670018e+00,-1.025618e-01,-1.924687e+00,-1.588562e+00,3.205221e+00,5.318828e-02,0,0,1.702554e-05,-5.683649e-01,1.729556e-01,1.582997e+00,2.551326e-01,-3.148616e-01,-1.198705e+00,4.308250e-01,1.968343e-01,1.076937e+00,6.931375e-01,-1.470808e-01,9.249040e-01,-2.115443e-02,0,0
9.256285e-04,-8.152859e+00,1.999521e+00,-4.721033e+00,4.804178e+00,4.757705e+00,1.159617e+00,-2.328132e-01,5.471573e+00,1.934890e+00,-1.593717e+00,-2.679024e+00,4.250050e+00,1.994560e-02,0,0,7.671048e-06,-4.505816e-01,5.133358e-01,1.796718e+00,-6.272421e-02,-9.408701e-01,-1.637659e+00,-2.939852e-01,2.649848e-01,1.500801e+00,4.989492e-01,7.755458e-02,1.127084e+00,-1.822303e-02,0,0
9.320034e-04,-8.386950e+00,3.425922e+00,-2.541187e+00,4.256200e+00,2.573318e+00,-1.407222e+00,-8.293692e-01,5.648679e+00,3.299188e+00,-2.793229e-01,-3.129584e+00,4.368806e+00,3.324267e-03,0,0,-1.242767e-05,-4.515295e-01,4.958689e-01,9.230832e-01,-4.707090e-01,-1.071653e+00,-9.231287e-01,-3.185688e-01,3.631924e-01,1.361296e+00,9.185376e-01,6.343821e-01,1.084171e+00,-6.739196e-03,0,0
8.907568e-04,-8.593955e+00,3.628104e+00,-1.979729e+00,3.732433e+00,1.285921e+00,-1.547804e+00,-2.080271e+00,5.252704e+00,4.282184e+00,-3.431678e-01,-9.510416e-01,7.037096e+00,1.178604e-02,0,0,-2.298795e-05,-6.218535e-01,2.022786e-01,-5.384638e-02,-4.646487e-01,-5.705812e-01,3.736209e-01,-4.178818e-02,5.093977e-01,1.503911e+00,1.057810e+00,1.205163e+00,3.570094e-01,3.475370e-03,0,0
8.493616e-04,-9.453301e+00,3.680406e+00,-4.223285e+00,2.797433e+00,1.514889e+00,-7.838026e-02,-1.529168e+00,6.595415e+00,5.530271e+00,2.042726e+00,7.193568e-01,7.232552e+00,2.357208e-02,0,0,-1.745327e-05,-9.587041e-01,-4.326120e-01,-4.970267e-01,-1.414210e-01,5.215566e-01,1.678596e+00,1.000108e+00,3.427886e-01,1.366471e+00,1.041824e+00,8.912238e-01,-6.780167e-01,3.958900e-03,0,0
8.520097e-04,-1.072895e+01,2.883673e+00,-4.149215e+00,3.210318e+00,2.434014e+00,2.363300e+00,-9.185489e-02,7.545194e+00,8.338902e+00,2.534310e+00,1.422318e+00,4.603224e+00,2.719855e-02,0,0,-3.257149e-06,-1.028697e+00,-7.260315e-01,-1.725791e-01,2.366969e-01,7.842478e-01,1.795905e+00,1.750003e+00,2.359103e-01,6.517429e-01,3.968053e-01,4.172010e-01,-1.324436e+00,-2.447870e-03,0,0
8.641106e-04,-1.211297e+01,1.635078e+00,-3.941577e+00,3.810152e+00,4.607054e+00,5.030208e+00,3.176965e+00,6.216377e+00,8.103185e+00,3.491058e+00,1.398553e-01,2.195658e+00,1.541251e-02,0,0,5.058223e-06,-7.227618e-01,-8.493693e-01,2.677650e-01,5.108345e-01,5.467442e-01,1.128924e+00,1.407161e+00,-2.122465e-01,-3.504226e-01,-6.072235e-01,3.103088e-01,-5.432717e-01,-6.165005e-03,0,0
8.670965e-04,-1.240760e+01,1.020611e+00,-2.983479e+00,4.409558e+00,3.661077e+00,4.877428e+00,4.316679e+00,6.621774e+00,6.254442e+00,9.166927e-01,1.424714e+00,2.933361e+00,3.626473e-03,0,0,-1.823122e-07,-1.418162e-01,-6.143240e-01,-6.114542e-02,-3.043826e-02,-1.982560e-01,-2.351989e-01,-1.011374e-01,-3.767405e-01,-8.076283e-01,-7.489650e-01,8.557388e-01,8.217607e-01,-3.747356e-03,0,0
8.671093e-04,-1.222778e+01,3.650900e-01,-3.467328e+00,4.751986e+00,3.635078e+00,4.309176e+00,3.302373e+00,5.995892e+00,4.820388e+00,-1.845824e-01,2.269702e+00,5.351125e+00,4.533092e-03,0,0,-5.329732e-06,2.646870e-01,-1.008116e-01,-4.638141e-01,-7.630422e-01,-1.040954e+00,-1.567357e+00,-1.532651e+00,-2.031289e-01,2.831706e-01,3.904694e-03,1.312814e+00,1.447993e+00,2.598972e-03,0,0
8.495988e-04,-1.138063e+01,4.470467e-01,-4.692067e+00,2.587210e+00,1.928722e+00,1.547822e+00,-6.602462e-01,5.771734e+00,5.942160e+00,6.273052e-01,4.636088e+00,7.134294e+00,1.390148e-02,0,0,-1.058076e-05,3.343818e-01,3.726272e-01,-6.635313e-01,-1.328019e+00,-1.339111e+00,-2.245039e+00,-2.291237e+00,-7.484907e-01,5.724159e-01,1.279320e+00,9.173902e-01,1.010076e+00,4.895738e-03,0,0
8.462108e-04,-1.130303e+01,1.417802e+00,-5.406353e+00,9.061153e-01,2.684620e-01,-1.141774e+00,-1.997830e+00,5.625753e+00,9.675179e+00,3.655275e+00,5.098238e+00,7.335159e+00,2.326987e-02,0,0,-5.741423e-06,1.181582e-01,5.739126e-01,-2.953843e-01,-9.586104e-01,-1.275292e+00,-2.214594e+00,-2.003472e+00,-1.098436e+00,1.960624e-01,2.001441e+00,3.785031e-01,2.590554e-01,1.450589e-03,0,0
8.246420e-04,-1.119807e+01,2.357391e+00,-5.331623e+00,-3.076003e-01,-1.351169e+00,-3.622294e+00,-4.489402e+00,3.064390e+00,6.689126e+00,5.393363e+00,4.597398e+00,6.991723e+00,1.873678e-02,0,0,5.856389e-07,-2.129238e-01,3.968284e-01,2.782994e-01,1.690369e-01,-4.725263e-01,-1.184353e+00,-1.081922e+00,-1.311638e+00,-1.087265e+00,1.119165e+00,-8.446787e-01,-4.004739e-01,-3.928679e-03,0,0
8.508806e-04,-1.172827e+01,2.279481e+00,-4.624472e+00,1.406339e+00,-1.101436e+00,-4.178735e+00,-4.800408e+00,1.857382e+00,5.427217e+00,7.439596e+00,4.181562e+00,6.717688e+00,9.368389e-03,0,0,3.580353e-07,-4.018766e-01,7.899328e-02,5.716834e-01,6.665804e-01,-4.388886e-02,-3.218314e-01,-4.975958e-01,-8.186496e-01,-1.658151e+00,-7.455596e-01,-1.500540e+00,-6.720600e-01,-4.714415e-03,0,0
8.501921e-04,-1.223263e+01,2.000349e+00,-3.691510e+00,3.182283e+00,2.510394e-01,-2.855460e+00,-4.668566e+00,1.097727e+00,2.629815e+00,4.330971e+00,8.710321e-01,5.440660e+00,1.208824e-03,0,0,-6.442872e-06,-5.313303e-01,-1.457808e-01,4.191028e-01,1.392320e-01,-4.497597e-01,1.064089e-01,3.917773e-01,3.860199e-01,-1.114634e+00,-2.221363e+00,-1.196664e+00,-2.693605e-01,-4.533092e-04,0,0
8.352259e-04,-1.279513e+01,1.991289e+00,-3.367993e+00,2.494076e+00,-7.520866e-01,-3.134348e+00,-4.396227e+00,2.515836e+00,3.414078e+00,4.586733e-01,-5.412789e-01,4.750391e+00,8.461771e-03,0,0,-1.645663e-05,-4.405420e-01,-1.776243e-01,5.295739e-02,-1.042800e+00,-1.283360e+00,-5.257747e-02,5.141379e-01,7.333231e-01,-9.171154e-01,-2.350540e+00,-3.191040e-02,1.338208e-01,5.500151e-03,0,0
8.002549e-04,-1.332129e+01,1.772583e+00,-3.864348e+00,-1.553090e-01,-3.774642e+00,-3.612443e+00,-2.732606e+00,4.665263e+00,2.122524e+00,-2.222992e+00,9.755001e-01,6.628569e+00,1.692354e-02,0,0,-1.306287e-05,-3.092075e-01,-3.350434e-01,-3.896647e-01,-1.355542e+00,-1.275668e+00,-1.612400e-01,5.648236e-01,3.854677e-01,-6.487079e-01,-7.877458e-01,1.057864e+00,5.047324e-01,1.347839e-02,0,0
7.935660e-04,-1.338665e+01,1.505242e+00,-4.273266e+00,-2.138867e+00,-5.505394e+00,-4.063131e+00,-3.197699e+00,3.740230e+00,1.095285e+00,-1.036124e+00,3.969776e+00,6.792838e+00,2.901179e-02,0,0,-4.318089e-06,-1.066336e-01,-3.740931e-01,-5.442657e-01,-5.588120e-01,-1.441558e-01,4.872966e-01,2.313332e-01,-6.217049e-01,-6.826507e-01,8.255405e-01,4.487595e-01,-4.369358e-01,2.070112e-02,0,0
8.057077e-04,-1.348291e+01,5.681556e-01,-5.187197e+00,-1.278956e+00,-3.750649e+00,-3.197268e+00,-2.443712e+00,2.412869e+00,5.456719e-01,1.139640e+00,3.904823e+00,6.943099e+00,5.832578e-02,0,0,5.354011e-06,1.713705e-01,-2.357519e-01,-2.564431e-01,7.094436e-01,1.553236e+00,1.158671e+00,-3.707011e-01,-1.380795e+00,-1.240369e-01,1.631617e+00,-1.141901e+00,-1.675882e+00,2.496223e-02,0,0
8.109091e-04,-1.324749e+01,7.230372e-01,-5.427897e+00,2.618391e-01,-1.484862e+00,-9.054523e-01,-3.384008e+00,5.335082e-01,7.892513e-01,2.905060e+00,2.378567e-01,2.408447e+00,9.126624e-02,0,0,8.061494e-06,2.185804e-01,5.061961e-02,3.543708e-01,1.364763e+00,2.014357e+00,1.527439e+00,-3.376356e-01,-6.581796e-01,5.214015e-01,1.263688e+00,-1.983209e+00,-1.740033e+00,2.317921e-02,0,0
8.183534e-04,-1.253401e+01,9.849264e-01,-4.569248e+00,2.191556e+00,1.981274e+00,6.020736e-01,-4.492957e+00,-6.353528e-01,1.655357e+00,3.964498e+00,-2.868047e+00,4.413570e-01,1.106074e-01,0,0,7.140305e-06,2.100346e-01,2.430487e-01,9.611645e-01,1.145394e+00,1.217998e+00,8.527171e-01,-4.167855e-01,3.676165e-01,1.174971e+00,5.482261e-01,-1.295951e+00,-6.879574e-01,1.453611e-02,0,0
8.275506e-04,-1.276819e+01,1.549955e+00,-2.810387e+00,2.949694e+00,1.700428e+00,1.674392e+00,-3.861254e+00,1.973442e+00,3.147451e+00,3.869889e+00,-2.559832e+00,1.343544e+00,1.187670e-01,0,0,1.953414e-06,1.642570e-02,1.049619e-01,9.509203e-01,7.098245e-01,7.724168e-02,-1.876533e-01,8.994388e-03,1.153882e+00,1.183531e+00,4.631391e-01,4.373089e-01,1.140964e+00,1.692356e-03,0,0
8.330885e-04,-1.267239e+01,1.369940e+00,-1.690130e+00,3.104084e+00,7.466974e-01,-2.236049e-01,-4.289016e+00,3.530985e+00,5.241429e+00,3.398356e+00,-1.176088e+00,4.035763e+00,1.172560e-01,0,0,-9.909447e-07,-2.377386e-02,-7.078952e-02,3.021059e-01,3.125356e-01,-7.020202e-01,-8.334842e-01,4.544023e-01,9.735094e-01,1.112715e+00,1.057786e+00,1.841108e+00,1.627836e+00,-1.402236e-02,0,0
8.133086e-04,-1.309618e+01,1.055340e+00,-2.112855e+00,3.354697e+00,-4.813655e-01,-1.430880e+00,-3.441006e+00,4.219752e+00,4.913872e+00,5.503826e+00,1.578422e+00,6.316065e+00,9.640376e-02,0,0,3.791752e-06,7.705078e-02,-5.919934e-02,-3.664720e-01,2.315720e-01,-2.692077e-01,-7.348059e-01,8.049942e-01,2.340245e-02,6.534663e-01,1.627999e+00,2.038844e+00,9.645067e-01,-2.783318e-02,0,0
8.205197e-04,-1.248889e+01,8.782864e-01,-3.407485e+00,3.551732e+00,-4.379298e-01,-2.012711e+00,-2.431070e+00,3.109039e+00,6.335722e+00,8.436461e+00,4.268364e+00,6.094274e+00,5.167725e-02,0,0,1.136666e-05,4.418650e-02,-5.111302e-02,-8.583897e-01,-6.411500e-02,2.257488e-02,-5.203392e-02,1.194722e+00,-1.870345e-01,5.367864e-01,1.713526e+00,1.459683e+00,-3.458612e-01,-2.973708e-02,0,0
8.527937e-04,-1.247468e+01,1.499785e+00,-3.784069e+00,3.883730e+00,9.467039e-01,-1.105085e+00,-7.652568e-01,2.301427e+00,5.867636e+00,9.490831e+00,4.912161e+00,5.136822e+00,1.239045e-02,0,0,1.154193e-05,1.332436e-02,-1.062623e-01,-1.088470e+00,-6.379964e-01,2.385037e-01,3.547553e-01,9.872603e-01,3.549578e-01,5.223134e-01,8.809794e-01,2.009846e-01,-1.219113e+00,-1.722575e-02,0,0
8.701792e-04,-1.276220e+01,8.921526e-01,-5.146472e+00,2.518993e+00,1.455371e-01,-6.466721e-01,3.467214e-01,3.554974e+00,7.448479e+00,9.972482e+00,4.455458e+00,2.896078e+00,1.057721e-02,0,0,-2.199254e-06,-1.990078e-01,-3.579923e-01,-1.042851e+00,-1.048725e+00,1.840405e-01,3.674419e-01,5.154744e-01,1.485650e+00,5.642987e-01,-3.140812e-02,-7.003926e-01,-9.861986e-01,1.964340e-03,0,0
8.461885e-04,-1.289290e+01,5.170951e-01,-6.685711e+00,6.810851e-01,4.194196e-01,-3.401231e-01,1.064001e-01,5.771574e+00,6.969061e+00,9.140713e+00,2.489798e+00,1.819597e+00,3.082502e-02,0,0,-1.174003e-05,-9.353332e-02,-4.023885e-01,-8.178957e-01,-9.971585e-01,2.925864e-01,2.311285e-01,-1.046611e-01,1.657123e+00,8.733803e-01,-8.069768e-01,-1.001298e+00,-1.733347e-01,1.148383e-02,0,0
8.128260e-04,-1.327482e+01,-4.203300e-01,-7.170921e+00,-9.056824e-02,7.459149e-01,-5.579826e-01,-2.895259e-01,8.802216e+00,8.606503e+00,8.454480e+00,1.977582e+00,2.821894e+00,5.228166e-02,0,0,-9.790552e-06,-1.069880e-02,-1.831574e-01,-2.170231e-01,-3.339556e-01,3.351014e-01,-2.352877e-02,-2.524294e-01,1.054395e+00,7.871283e-01,-1.107318e+00,-5.094658e-01,1.081670e+00,6.285887e-03,0,0
8.227702e-04,-1.268604e+01,1.440843e-01,-6.861323e+00,2.027179e-01,2.109447e+00,6.213466e-03,-9.704387e-01,7.963420e+00,9.655525e+00,6.214948e+00,1.144609e+00,4.307241e+00,4.895739e-02,0,0,4.195131e-06,7.386284e-02,1.159686e-02,2.254163e-01,4.333993e-01,8.556199e-02,1.178857e-01,3.442390e-02,-2.374634e-01,6.270252e-01,-9.216191e-01,1.760639e-01,1.611206e+00,-5.923240e-03,0,0
8.329356e-04,-1.291913e+01,1.628707e-01,-6.143781e+00,1.088398e+00,9.760304e-01,-9.374843e-01,-3.770061e-01,7.731028e+00,1.004089e+01,5.898774e+00,2.580723e+00,7.060606e+00,3.294047e-02,0,0,1.069048e-05,2.776575e-02,6.729847e-02,3.457328e-01,7.338637e-01,-2.546588e-01,2.016147e-01,3.545890e-01,-6.842601e-01,-1.086465e-01,-2.261150e-01,3.933848e-01,1.304355e+00,-1.154427e-02,0,0
8.571094e-04,-1.270143e+01,2.834791e-01,-6.072199e+00,2.258599e+00,7.321718e-01,4.390562e-01,3.222597e-01,5.119850e+00,9.386994e+00,5.810471e+00,3.068547e+00,7.756270e+00,1.087942e-02,0,0,2.139597e-07,-1.967278e-02,-1.877813e-01,2.518663e-01,6.045223e-01,-2.314096e-01,2.069421e-01,4.835997e-01,-4.094449e-01,-8.304003e-01,5.659016e-01,2.076225e-02,2.435293e-02,-6.527652e-03,0,0
8.491089e-04,-1.312829e+01,-1.535350e-01,-5.836819e+00,2.550810e+00,1.612583e-01,2.336695e-01,8.370700e-01,6.802700e+00,8.197536e+00,7.526144e+00,2.982537e+00,7.619155e+00,1.359927e-02,0,0,-1.125902e-05,9.740677e-02,-1.334592e-01,1.445046e-02,9.497507e-02,9.466630e-03,-1.368200e-01,2.713714e-01,3.449488e-03,-1.207866e+00,7.835580e-01,-7.498879e-01,-1.604720e+00,3.324268e-03,0,0
8.157534e-04,-1.267982e+01,-6.366193e-01,-5.755473e+00,2.494124e+00,1.359785e+00,4.553472e-01,8.405216e-01,6.380360e+00,6.425200e+00,8.230771e+00,1.047513e+00,4.149731e+00,2.598973e-02,0,0,-1.809283e-05,1.233645e-01,-1.263680e-01,-2.749109e-03,-2.710583e-01,-1.098055e-01,-6.408448e-01,1.663091e-01,2.817813e-01,-1.002700e+00,1.248200e-01,-7.887112e-01,-2.306675e+00,7.192506e-03,0,0
7.973185e-04,-1.244290e+01,-4.437590e-02,-6.229892e+00,1.445511e+00,7.095571e-01,-1.629730e+00,7.207198e-01,7.118021e+00,5.482455e+00,8.606414e+00,-1.581995e-01,8.402763e-01,4.200665e-02,0,0,-9.946537e-06,-1.001186e-02,6.668568e-05,1.950109e-01,-2.209994e-01,-5.428419e-01,-3.813215e-01,1.786527e-01,9.577122e-02,-2.135136e-01,-8.557930e-01,-2.214457e-01,-1.910345e+00,5.439711e-03,0,0
7.925404e-04,-1.242731e+01,-4.029404e-01,-5.889408e+00,1.455956e+00,-9.100491e-02,-1.833468e+00,1.211980e+00,6.371096e+00,5.731036e+00,5.894436e+00,6.953600e-01,-3.876643e-01,3.263826e-02,0,0,-2.429099e-06,-2.473628e-01,8.137511e-02,3.715823e-01,-1.719954e-01,-8.057197e-01,2.903947e-01,-2.413568e-01,1.012616e-01,3.736005e-01,-1.414366e+00,5.920926e-01,-4.776867e-01,3.777577e-03,0,0
8.109827e-04,-1.330461e+01,-2.700411e-01,-4.794796e+00,1.964897e+00,-1.827556e+00,-5.285305e-01,1.544604e+00,7.286188e+00,7.477051e+00,4.415346e+00,2.051386e+00,3.361280e-01,3.747356e-02,0,0,-8.169678e-07,-2.490232e-01,1.415525e-01,4.433287e-01,-1.832848e-01,-7.812589e-01,8.732184e-01,-6.803402e-01,4.268075e-01,8.170625e-01,-1.308916e+00,2.652873e-01,5.454842e-01,1.039589e-02,0,0
7.967758e-04,-1.348578e+01,-1.169112e-01,-4.615109e+00,1.374454e+00,-1.400257e+00,1.356721e+00,-7.782046e-01,6.802584e+00,7.295905e+00,3.254476e+00,2.903184e+00,2.013371e+00,4.714416e-02,0,0,2.988963e-08,-3.207541e-02,3.850975e-01,3.532033e-02,-3.305489e-01,-4.259766e-01,2.690691e-01,-1.437695e+00,2.620186e-01,9.914053e-01,-7.962481e-01,-7.292384e-01,1.028373e+00,2.118465e-02,0,0
7.911160e-04,-1.315878e+01,5.203720e-01,-4.650398e+00,5.698382e-01,-2.542112e+00,1.141267e+00,-1.685889e+00,9.036314e+00,8.785333e+00,3.381814e+00,6.432518e-02,2.367180e+00,8.673315e-02,0,0,1.911778e-06,1.561198e-01,2.752778e-01,-2.524980e-01,1.274081e-01,4.651386e-01,-3.659597e-01,-9.644583e-01,1.367602e-01,9.363270e-01,-5.452777e-01,-1.630632e+00,5.096799e-01,2.620127e-02,0,0
8.026232e-04,-1.266060e+01,1.127341e+00,-5.785006e+00,5.007412e-01,-1.863610e+00,-1.323021e+00,-4.361248e+00,6.806126e+00,1.003392e+01,2.429961e+00,-1.957302e+00,3.738673e+00,1.139317e-01,0,0,7.791741e-06,3.341675e-02,8.198348e-02,-2.270466e-01,7.453448e-01,1.008179e+00,-5.816268e-01,-4.081386e-02,1.601137e-01,1.070643e+00,-5.785656e-02,-1.570810e+00,-4.093204e-01,1.662133e-02,0,0
8.176179e-04,-1.293660e+01,4.842219e-01,-5.472338e+00,3.038794e+00,7.298134e-01,-1.018458e+00,-1.486166e+00,7.968218e+00,1.078968e+01,2.101215e+00,-3.671530e+00,2.021876e+00,1.350861e-01,0,0,1.041251e-05,-2.202386e-01,-2.389280e-01,2.120271e-02,9.245075e-01,1.637490e+00,2.400930e-01,4.598792e-01,-7.051970e-01,1.460173e-01,4.195946e-01,-1.062924e+00,-1.343948e+00,-6.285886e-03,0,0
8.224836e-04,-1.342979e+01,3.110812e-01,-5.339372e+00,3.866700e+00,2.004677e+00,-4.715505e-01,-1.082136e+00,8.137200e+00,1.164695e+01,3.605493e+00,-3.082939e+00,1.394213e-01,1.060743e-01,0,0,6.144674e-06,-3.906654e-01,-3.090193e-01,3.396744e-01,3.145016e-01,1.011252e+00,6.433099e-01,2.266041e-01,-1.273735e+00,-8.313147e-01,9.711744e-01,-5.338410e-01,-1.734293e+00,-2.753097e-02,0,0
8.332483e-04,-1.387538e+01,-2.661386e-01,-4.767201e+00,3.509396e+00,3.711197e+00,1.915997e+00,-1.026049e+00,4.844792e+00,8.708905e+00,4.892021e+00,-4.687477e+00,-2.552934e+00,5.923240e-02,0,0,2.081005e-06,-2.228297e-01,-1.351163e-01,2.635153e-01,-5.911838e-01,2.808052e-01,1.682745e-01,-7.985125e-01,-2.264331e+00,-1.613346e+00,5.575641e-01,1.283227e-01,-5.075849e-01,-3.384708e-02,0,0
8.255313e-04,-1.414454e+01,-4.257575e-02,-4.439202e+00,1.837948e+00,1.701960e+00,4.263008e-01,-3.458286e+00,1.999166e+00,6.917734e+00,5.890430e+00,-4.118533e+00,-2.645385e+00,1.420369e-02,0,0,4.520407e-08,2.136572e-01,1.066257e-01,3.513330e-01,-8.164571e-01,-5.783289e-01,-5.672323e-01,-6.323523e-01,-1.096393e+00,-1.465019e+00,-3.187057e-01,4.478490e-01,5.336983e-01,-2.027803e-02,0,0
8.264990e-04,-1.369337e+01,-1.453091e-02,-4.604847e+00,1.097251e+00,2.285197e+00,-6.260110e-01,-4.290653e+00,-2.844216e-01,5.087554e+00,3.746567e+00,-2.512119e+00,8.763545e-01,1.178604e-02,0,0,2.104888e-06,6.624911e-01,3.881252e-01,3.582750e-01,-6.640506e-01,-1.232893e+00,-1.067078e+00,-1.368663e-01,1.182371e+00,-2.668129e-01,-6.174115e-01,6.732761e-01,1.236428e+00,-1.903899e-03,0,0
8.260842e-04,-1.245250e+01,7.184058e-01,-3.663884e+00,9.904874e-01,-1.739680e-01,-2.036708e+00,-2.611595e+00,5.219840e+00,6.132531e+00,2.584691e+00,-1.931373e+00,1.093269e+00,2.840737e-02,0,0,5.769456e-06,6.066816e-01,3.353007e-01,3.205623e-01,-6.415848e-02,-7.893903e-01,-4.302881e-01,4.347549e-01,2.488939e+00,3.699684e-01,7.200458e-02,6.241568e-01,7.857500e-01,9.731037e-03,0,0
8.434963e-04,-1.140894e+01,1.293996e+00,-3.363485e+00,6.128733e-01,-1.515305e+00,-2.187890e+00,-2.133726e+00,9.146311e+00,7.767443e+00,3.457833e+00,-2.414677e+00,1.759880e+00,4.261106e-02,0,0,2.548727e-06,1.111947e-01,1.309997e-01,7.832129e-02,2.944960e-01,-1.025087e-01,4.633168e-01,5.718738e-01,2.125987e+00,5.522335e-01,1.212293e+00,7.001366e-01,8.702005e-02,1.169538e-02,0,0
8.458800e-04,-1.225335e+01,9.796640e-01,-3.457071e+00,1.759344e+00,-3.447404e-01,-9.442002e-01,-2.362975e+00,9.728497e+00,7.427631e+00,6.394820e+00,-1.046470e+00,8.416027e-01,4.744636e-02,0,0,-1.235708e-06,-4.627676e-01,-2.832677e-01,-6.055935e-01,2.578314e-01,8.452700e-01,1.474313e+00,4.871126e-01,3.820891e-01,1.489127e-01,1.248746e+00,1.200983e+00,2.171464e-02,1.704443e-02,0,0
8.293448e-04,-1.323698e+01,5.098385e-01,-4.316647e+00,2.185302e+00,1.858040e+00,1.144319e+00,-1.555594e+00,8.091185e+00,7.201170e+00,7.902970e+00,5.461128e-01,1.437288e+00,6.074343e-02,0,0,-6.957934e-06,-5.571345e-01,-4.193202e-01,-1.075529e+00,7.634578e-02,9.846957e-01,1.426595e+00,3.805620e-01,-9.643230e-01,-3.155672e-01,3.059033e-01,7.065464e-01,-3.872166e-01,2.855848e-02,0,0
8.269814e-04,-1.385232e+01,-3.058536e-01,-6.215271e+00,1.493430e+00,2.365710e+00,3.668752e+00,-4.650984e-01,7.657849e+00,7.160230e+00,6.605850e+00,2.593147e+00,1.363138e+00,1.045633e-01,0,0,-1.806486e-06,-2.291512e-01,-2.837251e-01,-1.244654e+00,-1.064848e-01,6.199344e-01,4.455716e-01,-5.018719e-02,-1.424943e+00,-3.288188e-01,-7.699466e-01,-9.199911e-02,-2.804145e-02,3.445150e-02,0,0
8.181559e-04,-1.339513e+01,-1.598455e-01,-7.362030e+00,1.127559e+00,2.052949e+00,2.638607e+00,-1.179854e+00,5.360019e+00,6.323308e+00,4.881834e+00,-7.017537e-01,-4.369712e-01,1.568450e-01,0,0,-6.638235e-07,1.240807e-02,-1.178372e-01,-7.969817e-01,2.524048e-02,1.371847e-01,-1.046517e+00,-6.537121e-01,-1.482639e+00,-5.534366e-01,-8.689548e-01,-9.491669e-01,2.116621e-01,1.922031e-02,0,0
8.424420e-04,-1.332003e+01,-1.041197e-01,-8.157649e+00,1.755792e+00,2.657477e+00,5.365140e-01,-2.801781e+00,3.969362e+00,6.222469e+00,4.055655e+00,-8.825326e-01,1.638525e+00,1.716531e-01,0,0,-2.831378e-06,3.162961e-01,1.599134e-01,-1.589733e-01,1.997027e-01,2.703989e-02,-1.442371e+00,-7.861590e-01,-1.583480e+00,-1.118633e+00,-8.098993e-01,-1.065686e+00,5.959177e-01,-1.254156e-02,0,0
8.182954e-04,-1.344109e+01,-1.802145e-01,-7.330367e+00,2.180324e+00,2.398079e+00,-2.522146e+00,-3.655813e+00,2.522231e+00,4.902868e+00,4.833293e+00,-2.461882e+00,2.357905e+00,1.233001e-01,0,0,-7.877510e-06,4.468327e-01,3.158812e-01,5.660748e-02,-2.440954e-02,-3.001910e-01,-6.340085e-01,-1.057735e-01,-1.313884e+00,-1.184457e+00,-6.218787e-01,-4.523557e-02,5.828556e-01,-3.916591e-02,0,0
8.127548e-04,-1.224786e+01,5.038978e-01,-7.025969e+00,1.965561e+00,2.328344e+00,-9.627249e-01,-3.157914e+00,1.159345e+00,2.277284e+00,2.580624e+00,-1.855220e+00,2.945288e+00,5.862798e-02,0,0,-9.562815e-06,7.566174e-01,5.746257e-01,7.083058e-02,-1.271362e-01,-3.886222e-01,4.188101e-01,3.015750e-01,-1.076772e+00,-8.166445e-01,-8.712870e-01,2.815290e-01,-5.976511e-01,-4.170445e-02,0,0
7.936119e-04,-1.169704e+01,1.115551e+00,-7.644833e+00,9.006267e-01,7.165607e-01,2.181838e-01,-1.530655e+00,1.956080e-01,2.373613e+00,2.509956e+00,-4.415876e-01,1.823925e+00,1.752795e-02,0,0,8.533825e-07,1.305434e+00,9.843363e-01,-1.966596e-02,-4.924247e-01,-7.483978e-01,4.818953e-01,-1.874176e-01,-8.245119e-01,-1.681350e-01,-8.237472e-01,4.730816e-01,-1.121575e+00,-2.396494e-02,0,0
8.069696e-04,-1.040896e+01,2.121126e+00,-7.646263e+00,1.759960e+00,1.555126e+00,1.260400e+00,-2.356485e+00,-2.511885e-01,3.403874e+00,8.608885e-01,-4.850347e-01,-1.082740e+00,1.601692e-02,0,0,2.037524e-05,1.976707e+00,1.424696e+00,1.282662e-01,-1.124447e+00,-1.467132e+00,-7.552787e-01,-1.588480e+00,-8.488758e-01,-3.591819e-01,-9.241269e-01,-1.927839e-01,-1.403050e+00,-5.923239e-03,0,4.237515e-02
8.254549e-04,-7.833367e+00,3.932853e+00,-7.118549e+00,-1.789988e-01,-9.573009e-01,-1.224232e+00,-4.993616e+00,-8.950620e-01,3.498898e+00,1.574425e+00,-7.815664e-01,-1.235954e+00,2.478090e-02,0,0,4.740484e-05,2.612321e+00,1.830317e+00,2.726251e-01,-1.851690e+00,-2.107573e+00,-2.063994e+00,-2.871196e+00,-1.742183e+00,-1.519708e+00,-1.531750e+00,-8.599474e-01,-3.270955e-01,1.903899e-03,0,1.080351e-01
8.987095e-04,-4.296169e+00,6.218725e+00,-6.647779e+00,-3.116863e+00,-4.170387e+00,-4.017910e+00,-9.368832e+00,-2.539699e+00,-8.126847e-02,-1.572246e+00,-2.649150e+00,-2.540020e+00,2.538531e-02,0,2.118758e-01,6.767733e-05,2.262243e+00,1.736560e+00,1.808848e-01,-2.288916e+00,-2.684643e+00,-3.006021e+00,-2.859375e+00,-2.248989e+00,-1.778905e+00,-1.614268e+00,-9.882982e-01,9.756092e-01,1.511031e-03,0,1.735184e-01
9.847662e-04,-1.691834e+00,8.218337e+00,-6.780949e+00,-5.919413e+00,-6.958549e+00,-7.462631e+00,-1.238046e+01,-7.371052e+00,-3.482358e+00,-3.932227e+00,-3.659267e+00,9.170874e-01,2.236325e-02,0,4.342375e-01,6.374798e-05,1.142017e+00,1.203684e+00,2.857541e-01,-1.547547e+00,-2.101112e+00,-3.024274e+00,-1.711630e+00,-1.948647e+00,-9.961880e-01,-1.165511e+00,-5.189932e-01,1.412405e+00,1.329707e-03,0,1.747579e-01
1.065701e-03,-2.168513e+00,8.661181e+00,-6.910639e+00,-6.814413e+00,-8.867463e+00,-1.065051e+01,-1.295994e+01,-8.258140e+00,-2.000022e+00,-4.457124e+00,-3.987676e+00,2.718786e+00,2.478090e-02,0,6.504735e-01,3.838602e-05,-1.322405e-01,5.967659e-01,6.851939e-01,-4.991376e-01,-1.584879e+00,-2.818314e+00,-1.708403e-01,-1.125053e+00,3.688213e-01,4.201684e-01,1.171064e-02,8.379028e-01,3.112723e-03,0,1.087473e-01
1.060699e-03,-3.187110e+00,8.730046e+00,-5.558349e+00,-6.067961e+00,-9.114324e+00,-1.302930e+01,-1.175622e+01,-7.779075e+00,-5.226647e-01,-2.810692e+00,-2.707269e+00,3.196668e+00,3.173164e-02,0,6.544908e-01,7.313653e-06,-7.909830e-01,8.554840e-03,1.408507e+00,3.037747e-01,-1.524195e+00,-1.895734e+00,1.284793e+00,-5.861663e-01,1.006382e+00,1.542373e+00,-1.169464e-01,-8.787430e-01,3.928679e-03,0,4.047707e-02
1.052673e-03,-4.209733e+00,8.946700e+00,-3.833110e+00,-5.538277e+00,-1.101689e+01,-1.532614e+01,-1.053516e+01,-7.960953e+00,2.829916e-01,-3.217141e-02,-3.066596e+00,5.097039e-01,3.626473e-02,0,6.454858e-01,-6.406498e-06,-7.386020e-01,-4.441602e-01,2.074991e+00,2.801452e-01,-1.572530e+00,-4.880441e-01,1.798949e+00,-1.299554e+00,8.355511e-01,1.881786e+00,-1.816656e+00,-1.820942e+00,2.145663e-03,0,-6.712043e-03
1.027848e-03,-4.626139e+00,8.118352e+00,-1.277180e+00,-5.038607e+00,-1.350481e+01,-1.460349e+01,-7.168890e+00,-1.045048e+01,4.080437e-01,1.567163e+00,-4.704539e+00,-2.372087e+00,3.626473e-02,0,6.391167e-01,-4.056294e-06,-4.927869e-01,-8.326699e-01,2.240783e+00,-1.742186e-01,-1.636214e+00,1.402861e+00,1.764867e+00,-1.795127e+00,1.063044e+00,9.406484e-01,-3.360982e+00,-1.634786e+00,-6.648537e-04,0,-1.030282e-02
1.050094e-03,-5.142008e+00,6.746228e+00,1.323729e+00,-5.928364e+00,-1.453487e+01,-1.230364e+01,-6.258852e+00,-1.342021e+01,1.712379e+00,2.762876e+00,-1.207232e+01,-3.601545e+00,3.324267e-02,0,6.246004e-01,-5.001505e-06,-2.467331e-01,-8.453375e-01,1.843512e+00,-4.769146e-01,-8.971213e-01,2.797015e+00,7.861100e-01,-1.045866e+00,1.020726e+00,-4.970600e-01,-3.502644e+00,-6.452931e-01,-2.508311e-03,0,-5.095639e-02
1.041707e-03,-5.184907e+00,5.666934e+00,3.067148e+00,-6.744010e+00,-1.553640e+01,-7.526249e+00,-5.070034e+00,-1.402508e+01,4.077864e+00,4.950269e-01,-1.500932e+01,-2.921636e+00,2.991840e-02,0,6.134194e-01,-1.780079e-05,-3.637648e-02,-3.376471e-01,7.296450e-01,-1.446342e-01,2.436504e-01,2.880410e+00,-3.883602e-01,8.291952e-01,7.361320e-01,-1.680095e+00,-1.711989e+00,3.196391e-01,-2.568752e-03,0,-1.094929e-01
1.020736e-03,-5.164015e+00,5.945722e+00,3.212288e+00,-7.070148e+00,-1.448670e+01,-4.879686e+00,-7.654035e+00,-1.140298e+01,3.551710e+00,-1.981403e+00,-1.542742e+01,-2.441987e+00,2.689634e-02,0,4.035525e-01,-3.874201e-05,-3.055573e-03,2.662638e-01,-1.923108e-01,9.311340e-01,1.690045e+00,1.868480e+00,-6.068288e-01,2.455095e+00,-2.857021e-01,-1.630857e+00,9.322470e-01,1.575978e-01,-5.741920e-04,0,-1.660444e-01
9.535232e-04,-4.797018e+00,6.830369e+00,1.426765e+00,-5.190886e+00,-1.231064e+01,-3.913409e+00,-8.413100e+00,-7.313116e+00,3.169038e+00,-4.461172e+00,-1.158693e+01,-1.353670e+00,2.659414e-02,0,2.021759e-01,-4.263056e-05,-1.219832e-01,6.805567e-01,-6.941869e-01,1.735282e+00,2.967743e+00,5.722682e-01,-1.747885e-02,2.923081e+00,-1.139915e+00,-2.254293e-01,1.991105e+00,-3.872339e-01,2.085223e-03,0,-1.630391e-01
9.004758e-04,-5.351231e+00,7.495829e+00,1.182367e+00,-2.049256e+00,-7.697527e+00,-4.767659e+00,-7.621463e+00,-4.500718e+00,7.382815e-01,-2.913308e+00,-9.122280e+00,-3.597539e+00,3.203385e-02,0,0,-3.234893e-05,-2.060595e-01,7.012478e-01,-6.170459e-01,1.591480e+00,3.041328e+00,-1.968985e-01,7.120649e-01,1.915827e+00,-1.428485e+00,9.946812e-01,1.475840e+00,-9.155514e-01,3.535812e-03,0,-1.009281e-01
8.886848e-04,-5.701215e+00,8.294663e+00,6.111740e-01,-5.780457e-01,-4.092275e+00,-4.720922e+00,-5.173714e+00,-2.860807e+00,-2.149950e-01,-1.661672e-01,-8.206367e+00,-4.280030e+00,3.777577e-02,0,0,-4.677544e-06,-1.419649e-02,6.205258e-01,-5.216979e-01,5.015026e-01,1.564500e+00,-3.153287e-01,5.446960e-01,7.218589e-01,-1.298867e+00,1.061889e+00,2.425904e-01,-6.413826e-01,1.783016e-03,0,-4.043518e-02
8.914105e-04,-5.742214e+00,8.719814e+00,5.348541e-01,-1.419168e+00,-3.389246e+00,-5.460423e+00,-5.713404e+00,-4.049999e+00,-1.898699e+00,8.445004e-01,-9.738509e+00,-5.556564e+00,3.898459e-02,0,0,1.111394e-05,3.541460e-01,4.669603e-01,-7.659260e-01,-6.721974e-01,-5.254067e-01,-7.133584e-02,-3.813719e-01,-4.535077e-01,-4.429217e-01,6.932417e-02,-3.300974e-01,2.277954e-01,-1.299486e-03,0,0
9.346681e-04,-4.672509e+00,9.321006e+00,-8.579676e-01,-2.998417e+00,-6.642279e+00,-5.143671e+00,-6.643650e+00,-3.929181e+00,-2.006807e+00,-1.030632e+00,-1.006587e+01,-3.581071e+00,3.203385e-02,0,0,1.390862e-05,4.170117e-01,2.038414e-01,-8.313904e-01,-1.000318e+00,-1.976518e+00,-8.477721e-02,-9.498707e-01,-7.128649e-01,3.117028e-01,-6.464335e-01,1.813687e-01,7.807073e-01,-2.750077e-03,0,0
9.330538e-04,-4.094854e+00,9.317459e+00,-1.912693e+00,-4.200058e+00,-9.049559e+00,-4.912963e+00,-8.793355e+00,-6.234070e+00,-5.804210e-01,-2.134455e+00,-9.843017e+00,-2.808042e+00,2.840737e-02,0,0,2.557616e-06,1.238873e-01,-6.416569e-02,-7.482885e-01,-8.342990e-01,-2.003200e+00,-1.034884e-01,-7.048545e-01,-2.676631e-01,6.008511e-01,-5.133503e-01,1.012034e+00,1.016891e+00,-6.950742e-04,0,0
9.374062e-04,-4.439837e+00,9.015048e+00,-2.322005e+00,-4.189190e+00,-1.114471e+01,-5.418538e+00,-8.383092e+00,-5.333097e+00,6.843801e-01,-1.908857e+00,-7.247269e+00,-1.750754e+00,2.931399e-02,0,0,-1.441465e-05,-3.631488e-01,-3.761539e-01,-1.595100e-01,-3.317208e-02,-8.095863e-01,-3.762500e-01,-2.484295e-01,7.984110e-01,5.451007e-01,-1.373103e-01,1.084646e+00,6.008320e-01,2.175885e-03,0,0
9.028295e-04,-5.239113e+00,8.551965e+00,-2.474570e+00,-4.995277e+00,-1.115403e+01,-5.840431e+00,-8.367955e+00,-4.686357e+00,-2.400376e-01,-1.283139e+00,-6.087639e+00,-1.387267e+00,3.686915e-02,0,0,-2.012302e-05,-4.824638e-01,-4.667230e-01,3.353283e-01,9.178047e-01,5.235835e-01,1.352224e-02,1.681975e-01,1.322449e+00,2.988064e-01,-2.182805e-01,6.605176e-01,-1.388252e-02,2.931400e-03,0,0
8.777070e-04,-5.916123e+00,7.822983e+00,-1.374579e+00,-2.766667e+00,-9.637974e+00,-6.561187e+00,-8.098497e+00,-7.109829e-01,5.485047e-01,-2.142842e+00,-6.520326e+00,-1.287298e+00,3.868238e-02,0,0,-2.233494e-05,-2.962410e-01,-4.679473e-01,6.553535e-01,1.790512e+00,1.798568e+00,5.299113e-01,2.888947e-01,1.004102e+00,5.032195e-01,-2.930358e-01,-3.140091e-01,-8.442421e-01,8.159567e-04,0,0
8.622883e-04,-5.769030e+00,7.579876e+00,-7.097637e-01,-3.222955e-01,-7.185009e+00,-4.274027e+00,-8.094665e+00,-1.932880e+00,9.815488e-01,-3.108865e+00,-6.903900e+00,-3.109182e+00,3.838018e-02,0,0,-1.411588e-05,-1.010369e-01,-2.807064e-01,7.901666e-01,2.232337e+00,1.966356e+00,7.222763e-01,5.602870e-01,1.052801e-01,6.794246e-01,-1.547833e-01,-5.756390e-01,-1.406689e+00,-2.780296e-03,0,0
8.460021e-04,-5.656084e+00,7.161355e+00,7.236011e-02,2.426879e+00,-4.136383e+00,-3.552183e+00,-7.075264e+00,-1.689327e+00,2.589684e+00,-2.461173e+00,-8.409184e+00,-5.111007e+00,3.263826e-02,0,0,-4.133978e-06,-6.604633e-02,2.182827e-02,7.020973e-01,1.940333e+00,1.537974e+00,5.052780e-01,4.274835e-01,-7.285072e-01,1.790931e-01,6.489242e-01,-8.703709e-03,-1.148528e+00,-3.717135e-03,0,0
8.481026e-04,-5.874318e+00,7.479247e+00,7.527931e-01,3.569634e+00,-4.073047e+00,-3.733552e+00,-6.078137e+00,-3.670784e+00,2.136496e+00,-1.897890e+00,-8.021405e+00,-6.508859e+00,2.598973e-02,0,0,2.222048e-06,-2.580461e-01,1.965242e-01,5.891985e-01,1.510558e+00,6.769461e-01,7.759722e-02,-2.258554e-02,-6.768487e-01,-3.005439e-01,1.219899e+00,4.992906e-01,-1.814301e-01,3.928678e-04,0,0
8.641300e-04,-6.193711e+00,7.982440e+00,1.404629e+00,4.989035e+00,-3.504085e+00,-4.305035e+00,-6.969344e+00,-3.484567e+00,8.664968e-01,4.962915e-01,-6.005092e+00,-5.330102e+00,2.629193e-02,0,0,5.556917e-06,-5.010552e-01,-6.082072e-02,-1.524508e-03,8.594543e-01,2.256492e-01,3.527641e-02,-7.487652e-01,-6.898456e-01,-1.109722e+00,1.354742e+00,1.332317e+00,5.759879e-01,8.280447e-03,0,0
8.643346e-04,-6.790447e+00,8.151956e+00,1.570094e+00,5.949415e+00,-4.116427e+00,-3.509615e+00,-8.260552e+00,-4.419504e+00,3.404230e-01,1.511897e+00,-5.609493e+00,-3.906785e+00,4.351768e-02,0,0,7.995288e-07,-9.025191e-01,-9.199597e-01,-7.171695e-01,3.290316e-01,4.504051e-01,4.379586e-01,-2.913631e-01,3.602126e-01,-9.357517e-01,9.512541e-01,1.412303e+00,8.696907e-01,1.151405e-02,0,0
8.656706e-04,-7.703295e+00,6.520897e+00,-3.439129e-01,5.534261e+00,-2.986447e+00,-3.487769e+00,-9.727882e+00,-4.764195e+00,-2.060889e+00,2.607644e+00,-2.953556e+00,-3.532104e+00,6.527652e-02,0,0,-3.649283e-06,-1.231108e+00,-1.565274e+00,-1.179518e+00,-4.125220e-01,7.541021e-01,6.026307e-01,7.515806e-01,1.291622e+00,-2.131608e-01,6.712953e-01,1.676905e+00,7.826275e-01,4.593532e-03,0,0
8.513299e-04,-9.632121e+00,3.610220e+00,-1.958783e+00,4.942179e+00,-2.079841e+00,-1.952392e+00,-6.155683e+00,-1.229907e+00,-1.078570e+00,1.802704e+00,-2.485660e+00,-3.059404e+00,6.406769e-02,0,0,-3.854540e-06,-1.187725e+00,-1.444859e+00,-9.686859e-01,-6.255844e-01,1.180490e+00,9.411770e-01,1.643033e+00,1.661254e+00,2.095955e-01,3.359848e-01,1.714852e+00,1.089780e+00,-8.733757e-03,0,0
8.523859e-04,-1.092842e+01,2.426937e+00,-2.728524e+00,3.430043e+00,-7.518675e-01,-2.070494e+00,-4.263875e+00,1.378744e+00,5.101894e-01,3.707364e+00,8.175149e-01,-1.840655e+00,3.898459e-02,0,0,3.956910e-06,-4.793090e-01,-9.848948e-01,-5.904166e-01,-7.734032e-01,6.673514e-01,1.148925e+00,1.926135e+00,6.879876e-01,1.453566e-01,1.192116e-01,1.063338e+00,1.439772e+00,-1.731641e-02,0,0
8.517043e-04,-1.111651e+01,2.974639e+00,-2.081030e+00,3.873602e+00,6.687333e-01,4.876321e-01,-2.777388e+00,8.152947e-01,1.028612e-01,2.641961e+00,1.079233e+00,6.963909e-01,1.299486e-02,0,0,1.494734e-05,3.771278e-01,-5.118645e-01,-3.382191e-01,-6.402813e-01,4.464839e-02,8.834604e-01,1.217021e+00,-5.774139e-01,-7.900040e-01,-4.832789e-01,5.990266e-01,1.401211e+00,-1.465700e-02,0,0
8.852680e-04,-9.357644e+00,1.914214e+00,-3.234872e+00,2.201534e+00,-1.023977e+00,1.036845e+00,-1.786355e+00,-2.346858e+00,-1.924821e+00,2.784074e+00,5.806870e-01,1.788857e+00,4.230885e-03,0,0,1.774110e-05,6.997399e-01,-5.483390e-01,-1.806108e-01,-3.245716e-01,-6.446565e-01,3.129228e-01,6.679480e-01,-1.040077e+00,-1.133674e+00,-1.191667e+00,2.150530e-01,8.283638e-01,-5.741916e-03,0,0
9.096256e-04,-8.531868e+00,1.307258e+00,-3.396705e+00,2.355027e+00,-1.720544e+00,9.112412e-01,-1.309337e+00,-2.254175e+00,-3.811084e+00,-1.520456e-01,6.278873e-01,2.131893e+00,8.159565e-03,0,0,7.197855e-06,3.504707e-01,-1.708479e-01,4.611433e-01,1.522131e-01,-7.843695e-01,-9.374784e-01,-3.417971e-01,-6.948565e-01,-5.918539e-01,-1.431107e+00,5.365034e-01,1.971198e-01,1.692354e-03,0,0
9.121308e-04,-8.722039e+00,5.189325e-01,-2.973741e+00,2.566472e+00,-2.780512e+00,-7.176844e-01,-1.658161e+00,-2.286906e+00,-3.201206e+00,-8.539659e-01,2.118453e+00,1.583412e+00,1.269266e-02,0,0,-6.980234e-06,-1.738559e-01,3.799846e-01,1.288958e+00,6.173667e-01,-2.336431e-01,-1.242605e+00,-9.592983e-01,-3.110240e-01,3.972909e-01,-1.352463e+00,6.081926e-01,3.182865e-02,2.598973e-03,0,0
8.742621e-04,-9.681962e+00,2.818040e+00,9.412066e-02,4.452199e+00,-2.374847e+00,-3.322496e+00,-4.550471e+00,-2.688964e+00,-2.218216e+00,-2.694552e+00,2.992867e+00,1.784713e+00,1.722575e-02,0,0,-1.010395e-05,-2.236859e-01,6.694552e-01,1.586700e+00,3.969361e-01,2.491645e-01,-6.015191e-01,-8.416144e-01,-4.918339e-02,1.414712e+00,-3.260776e-01,-1.093126e-01,-1.369646e-01,-3.626473e-04,0,0
8.680485e-04,-9.651876e+00,3.058746e+00,1.464505e+00,4.239782e+00,-1.865041e+00,-3.059312e+00,-4.962280e+00,-3.684584e+00,-7.348011e-01,-2.706990e+00,2.439160e+00,2.121591e+00,1.269266e-02,0,0,-2.374640e-06,-1.082678e-02,5.875337e-01,1.291654e+00,-5.352487e-02,8.972300e-01,7.959136e-01,-2.099888e-01,5.362920e-01,1.922069e+00,6.781008e-01,-9.789543e-01,-4.305726e-01,-3.626473e-03,0,0
8.811469e-04,-9.185379e+00,3.384627e+00,2.317671e+00,3.503053e+00,-9.324568e-01,-9.255404e-01,-3.865349e+00,-1.801253e+00,2.029272e+00,-8.559218e-01,-7.902940e-02,1.177981e+00,6.346328e-03,0,0,6.744859e-06,1.693576e-01,1.438654e-01,5.436317e-01,-3.572534e-01,1.158417e+00,1.929729e+00,4.203579e-01,8.208550e-01,1.977128e+00,1.592754e+00,-1.481417e+00,-9.504890e-01,-4.714415e-03,0,0
8.968152e-04,-9.024465e+00,3.173307e+00,2.372752e+00,2.773420e+00,9.844437e-01,2.063406e+00,-3.050666e+00,-4.930131e-02,4.285395e+00,1.617223e+00,-1.240371e+00,-2.660848e-01,0,0,0,6.356527e-06,1.042492e-01,9.381399e-02,1.827786e-01,-1.785279e-01,1.064003e+00,1.833854e+00,3.576444e-01,7.963430e-01,1.491231e+00,1.559124e+00,-1.252265e+00,-1.074285e+00,-3.173164e-03,0,0
8.936031e-04,-9.148880e+00,3.480087e+00,2.358155e+00,3.399112e+00,1.992495e+00,3.764791e+00,-3.404488e+00,-4.023305e-01,5.157325e+00,3.107111e+00,-2.574454e+00,-1.773894e+00,0,0,0,2.170017e-06,-5.141735e-03,4.976981e-02,6.637216e-03,4.178116e-02,6.857955e-01,1.108205e+00,5.678992e-02,2.444816e-01,7.128037e-01,9.415954e-01,-6.324933e-01,-7.411560e-01,-1.269266e-03,0,0
