pcm_RMSenergy_sma,pcm_fftMag_mfcc_sma[1],pcm_fftMag_mfcc_sma[2],pcm_fftMag_mfcc_sma[3],pcm_fftMag_mfcc_sma[4],pcm_fftMag_mfcc_sma[5],pcm_fftMag_mfcc_sma[6],pcm_fftMag_mfcc_sma[7],pcm_fftMag_mfcc_sma[8],pcm_fftMag_mfcc_sma[9],pcm_fftMag_mfcc_sma[10],pcm_fftMag_mfcc_sma[11],pcm_fftMag_mfcc_sma[12],pcm_zcr_sma,F0final_sma,voicingFinalUnclipped_sma,pcm_RMSenergy_sma_de,pcm_fftMag_mfcc_sma_de[1],pcm_fftMag_mfcc_sma_de[2],pcm_fftMag_mfcc_sma_de[3],pcm_fftMag_mfcc_sma_de[4],pcm_fftMag_mfcc_sma_de[5],pcm_fftMag_mfcc_sma_de[6],pcm_fftMag_mfcc_sma_de[7],pcm_fftMag_mfcc_sma_de[8],pcm_fftMag_mfcc_sma_de[9],pcm_fftMag_mfcc_sma_de[10],pcm_fftMag_mfcc_sma_de[11],pcm_fftMag_mfcc_sma_de[12],pcm_zcr_sma_de,F0final_sma_de,voicingFinalUnclipped_sma_de
4.125179e-03,-2.336528e+01,5.270784e+00,8.847747e+00,4.478204e-01,-9.723080e+00,-5.254711e-01,-4.568010e+00,-7.369030e+00,-1.581105e+00,3.563834e+00,5.422129e+00,5.864725e+00,1.492898e-01,0,0,1.964809e-04,-1.150811e+00,-4.609108e-01,5.781850e-01,2.392538e-01,-2.086606e-01,4.187205e-01,2.496138e+00,1.084381e+00,-7.420675e-01,-3.303545e-01,-9.088465e-01,4.002257e-01,8.340888e-03,0,0
4.584295e-03,-2.561164e+01,4.691037e+00,1.063238e+01,9.140968e-01,-1.075827e+01,-4.496552e-01,-5.871792e-01,-6.004286e+00,-3.669552e+00,3.147248e+00,4.136473e+00,6.492842e+00,1.650045e-01,0,0,2.023361e-04,-1.401400e+00,-7.016889e-01,2.421572e-01,1.034263e-01,-1.406976e-01,1.362871e-01,3.417764e+00,2.094387e+00,-6.602975e-01,-1.888924e-01,-1.337162e+00,5.397059e-01,1.329707e-02,0,0
4.878026e-03,-2.799615e+01,3.256104e+00,1.084636e+01,1.410951e+00,-1.024879e+01,1.530223e+00,5.922265e+00,-2.629495e+00,-4.247219e+00,2.120355e+00,1.520724e+00,7.551795e+00,1.831369e-01,0,0,3.815033e-05,-1.046119e+00,-1.009842e+00,-6.205292e-01,-1.830614e-01,-3.027662e-01,-2.930487e-01,3.429902e+00,2.309407e+00,-4.114873e-02,2.484848e-01,-1.035122e+00,2.823591e-01,1.414325e-02,0,0
4.760436e-03,-2.805684e+01,2.769680e+00,9.059228e+00,4.833866e-01,-1.016371e+01,-8.718831e-01,7.275674e+00,7.331364e-01,-3.549536e+00,3.341112e+00,6.870198e-01,7.719719e+00,1.988516e-01,0,0,-2.650322e-04,4.462929e-02,-1.200708e+00,-1.421499e+00,-4.406419e-01,-5.463721e-01,-9.505404e-01,1.934983e+00,1.089627e+00,5.727057e-01,1.152062e+00,-8.119331e-02,-7.158374e-01,6.708978e-03,0,4.538114e-02
4.227860e-03,-2.737328e+01,1.182254e+00,6.531676e+00,-2.521315e-01,-1.153419e+01,-1.779601e+00,8.650074e+00,8.092915e-01,-1.846857e+00,4.709326e+00,1.971245e+00,6.663082e+00,2.030825e-01,0,0,-5.479858e-04,9.650032e-01,-1.208872e+00,-1.378829e+00,-5.205137e-01,-7.120856e-01,-7.569449e-01,5.361031e-01,-7.611974e-01,7.500393e-01,1.800293e+00,9.567924e-01,-1.226746e+00,-5.560592e-03,0,6.807171e-02
3.584217e-03,-2.569993e+01,-2.755773e-01,5.682220e+00,-4.575715e-01,-1.284743e+01,-3.547446e+00,7.723833e+00,-2.275543e+00,-2.006205e+00,7.613071e+00,3.505246e+00,3.358011e+00,1.885766e-01,0,2.269057e-01,-7.007139e-04,1.693137e+00,-5.330728e-01,-4.171075e-01,-1.106985e-01,2.308333e-01,2.638434e-01,1.930420e-01,-1.709512e+00,2.255724e-01,1.309244e+00,3.500291e-01,-1.911068e+00,-1.773950e-02,0,1.082773e-01
2.726207e-03,-2.434959e+01,-1.265629e+00,5.640717e+00,-7.211384e-01,-1.246736e+01,-9.167197e-01,8.378701e+00,-4.931142e+00,-1.268688e+00,8.985843e+00,4.895573e+00,3.598918e+00,1.604714e-01,0,2.269057e-01,-6.862289e-04,2.479219e+00,1.173896e+00,7.625450e-01,2.126248e-01,1.208423e+00,5.454694e-01,-2.142565e-01,-1.587582e+00,-7.744734e-01,-5.602684e-02,-3.533072e-01,-1.634927e+00,-2.620127e-02,0,8.798138e-02
2.007694e-03,-2.110300e+01,1.328258e+00,7.419170e+00,1.643974e-01,-8.542959e+00,1.589366e-02,8.376571e+00,-4.944206e+00,-2.710758e+00,7.749074e+00,9.750018e-01,-3.035374e-01,1.314597e-01,0,4.279339e-01,-5.344253e-04,3.212304e+00,3.094697e+00,1.272751e+00,4.831303e-01,1.721865e+00,2.432620e-01,-5.180116e-01,-7.609881e-01,-1.338074e+00,-1.944620e+00,-7.465538e-01,-9.267194e-01,-3.136899e-02,0,6.110355e-02
1.584978e-03,-1.727565e+01,6.249818e+00,9.475926e+00,5.000080e-01,-7.644306e+00,-8.339235e-01,7.252422e+00,-5.794289e+00,-5.366947e+00,4.361190e+00,1.469831e+00,3.192190e-01,1.006346e-01,0,3.393928e-01,-3.308659e-04,3.538186e+00,3.807051e+00,1.190051e+00,1.000380e+00,1.740224e+00,-2.276314e-01,-1.381877e+00,-7.037254e-01,-1.478438e+00,-2.812971e+00,-4.787504e-01,5.988699e-02,-3.284980e-02,0,1.447379e-02
1.482705e-03,-1.317539e+01,1.144019e+01,1.012837e+01,1.347507e+00,-6.649630e+00,-2.372534e+00,5.696914e+00,-5.648911e+00,-6.647444e+00,2.022953e-01,1.485347e+00,3.642642e-01,6.165005e-02,0,4.761799e-01,-1.998546e-04,2.907655e+00,2.631531e+00,4.599086e-01,1.441215e+00,1.727861e+00,5.106010e-01,-1.830732e+00,-6.686442e-01,-5.629039e-01,-2.273086e+00,-1.123194e-01,1.349572e+00,-2.852825e-02,0,-6.465348e-02
1.334371e-03,-1.062247e+01,1.271366e+01,1.023637e+01,3.689205e+00,-4.712904e+00,-8.606632e-01,2.809146e+00,-8.097417e+00,-6.692537e+00,-1.305624e+00,2.246648e+00,3.564452e+00,3.112723e-02,0,2.751516e-01,-1.702086e-04,1.643098e+00,3.191002e-01,-1.517253e-01,1.972103e+00,2.340070e+00,1.557545e+00,-1.671713e+00,-4.390455e-01,4.723009e-01,-9.986466e-01,-3.843687e-01,1.308999e+00,-1.879722e-02,0,-1.018178e-01
1.133724e-03,-9.891312e+00,1.125399e+01,9.338490e+00,5.775876e+00,-1.369355e+00,2.582269e+00,1.444547e+00,-7.135863e+00,-4.862483e+00,-7.829464e-01,2.499652e-02,4.821707e+00,2.357208e-02,0,1.367871e-01,-1.225909e-04,-1.587809e-01,-1.790761e+00,-1.052935e+00,1.642115e+00,1.643028e+00,1.572774e+00,-4.859780e-01,4.830118e-01,9.852492e-01,5.677575e-01,-4.525349e-01,9.200487e-01,-4.291327e-03,0,-1.227511e-01
9.084255e-04,-1.070219e+01,7.938415e+00,9.112239e+00,8.146338e+00,1.415908e+00,4.476400e+00,1.020043e+00,-7.246040e+00,-3.897924e+00,-1.394219e-01,2.781632e-01,4.635490e+00,2.568752e-02,0,0,1.127396e-04,-1.732235e+00,-2.620589e+00,-2.157765e+00,6.024648e-01,-3.959370e-01,-2.189549e-01,7.905110e-01,1.231898e+00,8.285225e-01,1.299954e+00,-4.463483e-01,-1.559682e-02,1.257177e-02,0,-6.870904e-02
1.082723e-03,-1.392943e+01,4.874003e+00,5.425760e+00,7.329514e+00,-1.498896e+00,2.822805e+00,4.161576e+00,-3.659540e+00,-3.118505e+00,2.457982e+00,2.069155e-01,4.428988e+00,4.291327e-02,0,0,4.322506e-04,-2.566184e+00,-2.103547e+00,-3.201259e+00,-7.799560e-01,-1.846288e+00,-1.875606e+00,1.114950e+00,1.257616e+00,6.910082e-01,1.798958e+00,3.272808e-01,-1.769215e-01,2.840737e-02,0,-2.735742e-02
1.923569e-03,-1.726459e+01,2.800710e+00,1.403912e+00,5.924710e+00,-6.627819e+00,-2.075706e+00,5.403186e+00,-3.676087e+00,-3.421913e+00,3.573683e+00,-7.605322e-02,3.682828e+00,8.431550e-02,0,0,6.210174e-04,-1.927029e+00,-6.104921e-01,-3.205383e+00,-1.718271e+00,-2.028317e+00,-2.933525e+00,3.716622e-01,1.195051e+00,3.761210e-01,1.282148e+00,6.071606e-01,-1.163539e-01,3.315201e-02,0,0
2.787405e-03,-1.944103e+01,3.305112e+00,-2.813641e+00,2.986910e+00,-6.578934e+00,-3.519709e+00,4.827726e+00,-2.632759e+00,-1.645447e+00,6.355293e+00,1.838509e+00,4.413431e+00,1.362950e-01,0,0,4.709644e-04,2.041166e-01,8.615675e-01,-2.462103e+00,-1.806515e+00,-9.177219e-01,-2.631596e+00,-1.115350e+00,8.419859e-01,3.333800e-01,6.418388e-01,4.885810e-01,-7.865365e-02,1.922031e-02,0,4.214951e-02
3.161172e-03,-1.758154e+01,5.670400e+00,-2.794977e+00,1.726286e+00,-6.185658e+00,-7.019969e+00,2.545279e+00,-1.784175e+00,-2.753848e+00,4.322663e+00,2.498169e+00,4.061500e+00,1.447567e-01,0,0,1.456784e-04,2.514062e+00,1.254282e+00,-1.914865e+00,-1.231790e+00,-1.255367e+00,-2.226585e+00,-1.493592e+00,3.175595e-01,1.318473e-01,3.944927e-01,-1.354964e+00,-2.872081e-01,-8.129345e-03,0,1.091558e-01
2.818745e-03,-1.275037e+01,7.746995e+00,-4.785309e+00,3.961522e-01,-6.308586e+00,-7.863042e+00,1.377861e-02,-3.955670e-01,-1.785638e+00,5.292686e+00,1.362709e+00,3.846384e+00,1.087942e-01,0,2.107476e-01,-7.153503e-05,3.733284e+00,5.493814e-01,-2.156756e+00,-5.491022e-01,-2.508695e+00,-1.760090e+00,-1.135277e+00,-1.361007e+00,1.308029e-01,6.034633e-01,-3.480974e+00,-5.880052e-01,-2.892113e-02,0,1.781843e-01
2.636292e-03,-8.039609e+00,6.851177e+00,-7.184578e+00,1.061136e+00,-1.303983e+01,-1.103696e+01,3.421985e-01,-3.206886e+00,-2.692581e+00,6.077450e+00,-6.612974e+00,2.530310e+00,5.741916e-02,0,4.404050e-01,-6.317904e-05,3.187615e+00,-3.246981e-01,-2.574458e+00,-1.271003e-01,-3.026970e+00,-1.280158e+00,2.239445e-01,-2.869238e+00,5.693866e-01,1.275474e+00,-4.444167e+00,-5.005301e-01,-3.067392e-02,0,1.827386e-01
2.692170e-03,-5.545579e+00,5.461630e+00,-1.140262e+01,5.739732e-01,-1.569532e+01,-1.031166e+01,2.528830e-01,-8.726437e+00,-1.022066e+00,8.495216e+00,-1.101079e+01,2.239000e+00,3.535811e-02,0,6.707191e-01,6.005960e-06,1.823835e+00,-4.356500e-01,-1.770946e+00,1.912601e-01,-1.817976e+00,-1.196595e+00,1.247993e+00,-2.753310e+00,8.884422e-01,6.877099e-01,-3.716215e+00,-2.489692e-01,-1.870656e-02,0,1.169636e-01
2.908564e-03,-5.245859e+00,5.189592e+00,-1.235861e+01,1.001874e+00,-1.662714e+01,-1.219645e+01,3.545449e+00,-1.196493e+01,-2.887015e-01,9.098766e+00,-1.353591e+01,2.362541e+00,2.810517e-02,0,6.837070e-01,-7.768934e-05,5.971719e-01,4.201773e-01,-1.285477e-02,1.818864e-01,7.476546e-01,-5.324370e-01,1.457727e+00,-1.002659e+00,1.381966e+00,-3.152486e-01,-1.411224e+00,2.664155e-01,-5.439710e-03,0,3.558028e-02
2.712638e-03,-5.028075e+00,6.399538e+00,-1.105302e+01,1.382084e+00,-1.360481e+01,-1.326627e+01,4.652117e+00,-9.783092e+00,1.454633e+00,7.220577e+00,-1.375690e+01,2.685423e+00,2.991840e-02,0,6.739145e-01,-2.758369e-04,1.025878e-01,1.395049e+00,2.108845e+00,2.614830e-01,2.486368e+00,2.033730e-01,1.112108e+00,2.409656e-01,1.489767e+00,-1.999286e+00,2.087547e-01,3.775089e-01,3.626477e-04,0,-2.170151e-02
2.237611e-03,-5.312502e+00,8.483109e+00,-7.423651e+00,1.566513e+00,-1.034681e+01,-1.222184e+01,5.431219e+00,-7.691851e+00,2.978899e+00,5.138526e+00,-1.229604e+01,3.639177e+00,3.294047e-02,0,6.167088e-01,-4.337746e-04,6.339965e-02,1.824594e+00,3.149227e+00,1.972731e-01,2.849431e+00,1.502534e+00,2.148127e-01,-3.560022e-01,1.430629e+00,-2.846223e+00,1.220506e+00,-5.514096e-01,1.087942e-03,0,-2.697936e-02
1.648462e-03,-4.999319e+00,1.079012e+01,-3.325875e+00,1.599068e+00,-6.403648e+00,-9.282100e+00,4.870537e+00,-9.658149e+00,4.792969e+00,4.789034e-01,-1.058695e+01,3.488227e+00,3.475370e-02,0,5.957107e-01,-4.043777e-04,1.629433e-01,1.516202e+00,3.141471e+00,6.108153e-03,1.539116e+00,2.076147e+00,-2.075914e-01,-1.641508e+00,9.520780e-01,-2.783282e+00,1.333670e+00,-1.788911e+00,-5.439710e-04,0,-1.267401e-02
1.271779e-03,-4.943239e+00,1.211727e+01,-4.760494e-01,1.879747e+00,-5.980566e+00,-6.675867e+00,4.510302e+00,-1.380741e+01,5.195277e+00,-1.761510e+00,-9.018359e+00,-7.959086e-01,3.112723e-02,0,5.879121e-01,-2.772563e-04,1.201626e-01,5.573198e-01,2.332462e+00,-1.310353e-01,1.905134e-01,1.989368e+00,-5.982670e-01,-1.288190e+00,3.083873e-01,-2.102184e+00,1.024895e+00,-2.726740e+00,-1.208824e-03,0,5.115313e-03
1.173666e-03,-4.397990e+00,1.216347e+01,1.180533e+00,1.256008e+00,-8.092354e+00,-5.658527e+00,4.074618e+00,-1.493285e+01,5.106835e+00,-3.245812e+00,-8.727388e+00,-4.041588e+00,2.810517e-02,0,6.249428e-01,-1.358569e-04,-1.434112e-01,-2.155211e-01,1.539834e+00,-2.903769e-01,-5.740215e-01,1.885865e+00,-4.044721e-01,2.215149e-01,-4.975647e-01,-1.215994e+00,6.924375e-01,-2.186436e+00,-2.115445e-04,0,4.912573e-03
1.088727e-03,-5.012353e+00,1.058303e+01,1.985453e+00,1.082867e+00,-8.549891e+00,-4.086788e+00,2.837843e+00,-1.149545e+01,4.363903e+00,-3.510034e+00,-8.101349e+00,-6.229618e+00,3.022061e-02,0,6.276693e-01,-5.161826e-05,-4.756030e-01,-6.195561e-01,9.913085e-01,-2.323529e-01,4.034189e-01,1.362973e+00,-7.009260e-02,1.595270e+00,-6.456798e-01,-4.669349e-01,8.005037e-01,-5.299975e-01,1.994560e-03,0,-4.712152e-03
1.060703e-03,-5.681818e+00,1.047963e+01,3.142543e+00,5.456242e-01,-7.989093e+00,-1.147312e+00,3.684407e+00,-9.706558e+00,2.720833e+00,-4.726804e+00,-7.583269e+00,-4.727099e+00,3.414929e-02,0,6.003950e-01,-1.675642e-05,-6.547424e-01,-3.199680e-01,4.813058e-01,-2.699025e-02,1.775782e+00,8.359483e-01,2.994897e-01,1.247158e+00,-3.413985e-01,1.160739e-01,1.088149e+00,1.125725e+00,2.417649e-03,0,-1.786684e-02
1.070169e-03,-6.679340e+00,9.861411e+00,3.499489e+00,1.073175e+00,-4.015101e+00,-2.116608e+00,4.354945e+00,-8.444214e+00,3.159879e+00,-3.355689e+00,-5.587901e+00,-3.103141e+00,3.807797e-02,0,5.766252e-01,1.385501e-05,-4.927244e-01,4.187511e-01,2.842433e-02,-1.421223e-01,2.221274e+00,-2.211629e-01,6.397187e-01,4.341071e-01,3.974331e-01,1.972297e-01,1.367211e+00,2.084074e+00,2.115447e-04,0,-1.704204e-02
1.099163e-03,-6.838209e+00,1.092444e+01,2.830045e+00,1.125902e+00,-1.480838e+00,-2.463876e+00,4.813516e+00,-1.022268e+01,4.001854e+00,-2.742615e+00,-4.543369e+00,2.379990e-02,3.626473e-02,0,5.611306e-01,3.785871e-05,-2.616177e-01,9.860657e-01,-3.702819e-01,-3.474840e-01,1.597386e+00,-7.235375e-01,6.877992e-01,-4.641458e-01,8.446657e-01,2.233130e-01,7.836665e-01,1.578437e+00,-3.626473e-03,0,-1.031706e-02
1.138773e-03,-6.897780e+00,1.245438e+01,2.283824e+00,8.211633e-02,-6.976473e-01,-4.534321e+00,5.471882e+00,-9.066849e+00,5.710557e+00,-3.515980e+00,-2.785246e+00,1.815303e+00,3.022061e-02,0,5.620913e-01,5.313675e-05,-1.267402e-01,1.140547e+00,-3.216147e-01,-6.202792e-01,3.414245e-01,-3.716321e-01,5.877814e-01,-7.694679e-01,3.798055e-01,1.030102e-02,-1.461548e-01,4.463252e-01,-5.500151e-03,0,-6.028420e-03
1.215695e-03,-6.880686e+00,1.411347e+01,1.898966e+00,-6.962666e-01,-1.660891e+00,-3.556143e+00,6.564934e+00,-1.171597e+01,5.668822e+00,-3.530094e+00,-5.066264e+00,7.058656e-01,1.994560e-02,0,5.560766e-01,7.497226e-05,-2.482757e-01,3.277813e-01,-2.347960e-01,-2.833693e-01,-4.890906e-01,-3.902321e-01,4.213817e-01,-1.211438e-01,-4.645919e-01,3.736992e-01,-8.403703e-01,-3.802541e-01,-2.478091e-03,0,-4.664147e-03
1.277587e-03,-7.291802e+00,1.396963e+01,2.356955e+00,-1.117137e+00,-2.217952e+00,-3.428634e+00,6.418143e+00,-1.154491e+01,4.225422e+00,-2.910444e+00,-6.057228e+00,-1.212548e+00,1.873678e-02,0,5.490101e-01,1.394832e-04,-2.911258e-01,-9.390710e-01,-7.023260e-01,4.360382e-01,-1.303501e+00,-5.334900e-01,4.690480e-01,8.345873e-01,-1.346785e+00,4.617309e-01,-2.493454e-01,-3.121617e-01,4.230885e-03,0,-1.463729e-03
1.404617e-03,-7.882576e+00,1.180572e+01,1.619499e+00,3.086826e-01,-3.166139e+00,-4.967880e+00,6.447294e+00,-9.589371e+00,2.421462e+00,-1.176887e+00,-7.109230e+00,-3.635451e-01,2.961620e-02,0,5.443504e-01,2.425222e-04,-2.255478e-01,-2.139584e+00,-1.558465e+00,1.094852e+00,-2.477359e+00,-1.302413e+00,1.070145e+00,2.247450e+00,-1.372570e+00,6.232502e-01,9.576868e-01,3.425822e-01,9.731036e-03,0,6.890106e-03
1.741727e-03,-7.852464e+00,8.912904e+00,-1.088073e+00,1.759833e+00,-6.462530e+00,-6.495903e+00,7.875942e+00,-5.957212e+00,6.003142e-01,-2.383929e+00,-3.010490e+00,7.892002e-01,4.653974e-02,0,5.606357e-01,3.186617e-04,1.943531e-02,-2.756193e+00,-2.204302e+00,1.196853e+00,-3.777800e+00,-1.484278e+00,1.755179e+00,2.290409e+00,-8.434545e-01,8.829185e-01,1.611098e+00,8.192468e-01,9.579933e-03,0,1.761684e-02
2.196236e-03,-7.728094e+00,5.943918e+00,-4.170847e+00,3.339508e+00,-1.192540e+01,-8.534574e+00,1.118676e+01,-3.272570e+00,6.185248e-01,-6.771006e-01,-1.801199e+00,1.417903e+00,5.469930e-02,0,5.847144e-01,2.654679e-04,3.324986e-01,-2.668127e+00,-1.864372e+00,8.297771e-01,-4.345445e+00,-1.296743e+00,1.691380e+00,1.502711e+00,-2.137666e-02,1.464775e+00,1.041716e+00,8.459336e-01,4.744635e-03,0,2.221904e-02
2.475086e-03,-7.271866e+00,3.119567e+00,-5.769381e+00,3.351714e+00,-1.672733e+01,-9.066680e+00,1.282431e+01,-3.251267e+00,9.096184e-01,1.254255e+00,-6.557515e-01,1.992962e+00,5.409489e-02,0,6.169124e-01,4.579571e-05,5.355536e-01,-1.825566e+00,-3.945966e-01,5.187783e-01,-3.146170e+00,-5.793779e-01,7.794687e-01,5.828300e-01,6.035881e-02,1.981237e+00,-4.458414e-01,9.393380e-01,-1.118163e-03,0,1.073639e-02
2.365277e-03,-6.510382e+00,1.361755e+00,-5.361704e+00,3.661627e+00,-1.976097e+01,-1.016621e+01,1.243001e+01,-3.428787e+00,2.159926e+00,4.327896e+00,-3.078020e+00,3.264241e+00,4.956180e-02,0,6.273074e-01,-2.099613e-04,3.583919e-01,-3.120032e-01,1.440068e+00,5.144174e-01,1.713428e-02,5.857290e-01,-5.033613e-01,8.213342e-01,-1.902662e-01,1.654402e+00,-3.852184e-01,6.592392e-01,-5.772136e-03,0,-1.964358e-02
1.886185e-03,-5.783552e+00,2.076154e+00,-2.465627e+00,4.192665e+00,-1.827559e+01,-8.576976e+00,1.115166e+01,-2.964954e+00,1.314074e-01,5.019758e+00,-4.601286e+00,4.562721e+00,4.351768e-02,0,5.930212e-01,-3.201657e-04,-5.485670e-01,1.143677e+00,3.021497e+00,4.866207e-01,3.103705e+00,1.874543e+00,-8.213629e-01,1.949424e+00,-6.853514e-01,1.431476e+00,8.635404e-01,4.265480e-01,-9.579932e-03,0,-7.798757e-02
1.440879e-03,-6.680292e+00,4.905609e+00,1.377617e+00,5.491119e+00,-1.106559e+01,-5.850780e+00,9.506276e+00,6.909447e-01,5.629909e-02,5.712158e+00,-1.754523e+00,3.429219e+00,3.112723e-02,0,4.984420e-01,-2.346403e-04,-1.424317e+00,1.697582e+00,3.364213e+00,-8.062883e-02,4.129184e+00,2.295212e+00,-4.490766e-01,2.389951e+00,-1.115067e+00,1.114653e+00,2.686110e+00,-2.238097e-01,-1.097008e-02,0,-1.027101e-01
1.336456e-03,-9.929747e+00,7.066026e+00,5.968445e+00,4.870072e+00,-5.556492e+00,-1.851680e+00,1.017936e+01,4.435987e+00,-1.465325e+00,7.719502e+00,3.000202e+00,4.043213e+00,1.541251e-02,0,2.914072e-01,-1.928035e-05,-1.425274e+00,9.247037e-01,2.195233e+00,-1.069956e+00,1.696150e+00,1.286163e+00,6.962528e-02,8.139790e-01,-1.282295e+00,1.214280e+00,3.067910e+00,-8.302251e-01,-7.978241e-03,0,-7.257851e-02
1.466940e-03,-1.155887e+01,7.354727e+00,7.242323e+00,2.919780e+00,-5.474599e+00,-2.052798e+00,1.067078e+01,4.820497e+00,-2.617042e+00,8.551291e+00,6.551784e+00,2.404947e+00,8.763977e-03,0,2.645638e-01,1.734628e-04,-2.930372e-01,-2.906067e-01,3.455966e-01,-2.012368e+00,-2.466075e+00,-5.677894e-01,1.481408e-01,-2.114957e+00,-1.781686e+00,5.722369e-01,1.701620e+00,-1.200885e+00,-9.670596e-04,0,1.736975e-02
1.776753e-03,-1.047063e+01,5.475113e+00,5.578187e+00,1.285543e-01,-1.259034e+01,-4.045153e+00,1.091753e+01,-9.598349e-01,-4.943394e+00,9.671592e+00,6.585109e+00,9.237320e-01,1.480810e-02,0,3.470677e-01,2.819424e-04,9.592856e-01,-1.042120e+00,-1.166739e+00,-2.248351e+00,-5.078491e+00,-2.142762e+00,-3.609338e-01,-3.968655e+00,-1.690708e+00,-2.251321e-01,1.492276e-01,-1.352469e+00,4.805077e-03,0,9.622543e-02
2.088045e-03,-7.875034e+00,4.248032e+00,3.300730e+00,-2.199961e+00,-1.987904e+01,-7.592991e+00,9.877893e+00,-7.185931e+00,-7.113098e+00,7.597298e+00,4.961126e+00,-1.015465e+00,2.659414e-02,0,5.574605e-01,3.439134e-04,1.199042e+00,-8.682218e-01,-1.213573e+00,-2.028280e+00,-4.976903e+00,-2.322321e+00,-5.741336e-01,-3.734596e+00,-1.571829e+00,-5.706063e-01,-9.371639e-01,-6.312953e-01,5.862799e-03,0,1.002364e-01
2.435616e-03,-6.975235e+00,3.408775e+00,2.105547e+00,-3.811812e+00,-2.374673e+01,-9.795395e+00,8.771133e+00,-9.404073e+00,-7.670836e+00,7.070838e+00,4.541669e+00,-1.008927e+00,3.052282e-02,0,6.260860e-01,3.115606e-04,6.701118e-01,-1.272114e-01,-4.466997e-01,-1.286490e+00,-2.791193e+00,-1.793153e+00,-6.712893e-01,-1.893373e+00,-1.246542e+00,-3.611490e-01,-1.212122e+00,1.284945e-01,3.445150e-03,0,6.032910e-02
2.857076e-03,-7.311357e+00,4.046787e+00,2.910778e+00,-5.251438e+00,-2.478092e+01,-1.078928e+01,8.873311e+00,-9.630366e+00,-9.112464e+00,6.998637e+00,2.887684e+00,2.147996e-01,3.022061e-02,0,6.262364e-01,2.324642e-04,7.162595e-02,4.509876e-01,4.427381e-01,-4.451604e-01,-8.657376e-01,-1.116518e+00,-4.433609e-01,-2.851040e-01,-9.109379e-01,3.894374e-01,-1.221254e+00,7.098479e-01,1.178604e-03,0,6.657183e-03
2.950041e-03,-7.401913e+00,4.939678e+00,3.539664e+00,-4.778158e+00,-2.409537e+01,-1.141277e+01,8.063377e+00,-9.204483e+00,-1.017642e+01,8.165177e+00,1.561218e+00,9.510725e-01,3.022061e-02,0,6.143253e-01,5.668749e-05,6.463929e-02,8.156182e-01,8.587316e-01,5.552458e-01,4.498997e-02,-4.788120e-01,-6.367605e-01,5.410275e-01,-6.663998e-01,5.316690e-01,-1.030808e+00,5.576578e-01,9.066180e-04,0,-9.892976e-03
2.993154e-03,-7.303566e+00,5.737518e+00,4.797362e+00,-3.942590e+00,-2.403341e+01,-1.236689e+01,8.014967e+00,-8.711246e+00,-1.041500e+01,8.997315e+00,3.450805e-01,1.553775e+00,3.263826e-02,0,5.966268e-01,-1.578565e-04,4.020595e-01,1.152151e+00,9.724687e-01,1.298685e+00,7.393282e-01,3.132648e-01,-1.132337e+00,1.373736e+00,-4.947332e-01,2.980843e-01,-2.181061e-01,1.727861e-01,-1.813246e-04,0,-9.647709e-03
2.651014e-03,-6.655935e+00,6.641500e+00,5.455913e+00,-1.690007e+00,-2.389553e+01,-1.140065e+01,6.016503e+00,-7.158495e+00,-1.035157e+01,8.729844e+00,6.589287e-01,1.109874e+00,3.384708e-02,0,5.914260e-01,-3.385613e-04,6.412973e-01,1.739213e+00,1.019652e+00,1.609947e+00,1.859737e+00,1.513117e+00,-1.705816e+00,1.931135e+00,8.620987e-02,-2.268170e-01,3.785340e-01,-4.436903e-01,-2.568753e-03,0,-6.307739e-03
2.217307e-03,-5.674049e+00,8.956631e+00,6.814997e+00,-3.020903e-01,-2.118420e+01,-9.229021e+00,4.235062e+00,-3.784678e+00,-1.149856e+01,8.206725e+00,2.248298e+00,9.993293e-01,2.750075e-02,0,5.894476e-01,-4.587857e-04,6.040996e-01,1.959205e+00,9.776338e-01,1.909235e+00,3.703847e+00,2.431698e+00,-1.855869e+00,2.165431e+00,7.993234e-01,-9.620140e-01,4.540314e-01,-9.755070e-01,-5.318828e-03,0,-4.178823e-02
1.645157e-03,-5.010185e+00,1.202619e+01,7.629108e+00,1.451329e+00,-1.622129e+01,-5.416127e+00,1.424251e+00,-2.012094e+00,-9.203590e+00,7.426387e+00,2.502279e+00,-9.901560e-01,1.994560e-02,0,5.863762e-01,-4.396564e-04,2.046473e-01,1.578300e+00,7.386183e-01,1.944104e+00,4.949728e+00,2.475774e+00,-1.729578e+00,1.750763e+00,2.006433e+00,-1.504155e+00,1.420776e-02,-7.747198e-01,-5.439710e-03,0,-9.946744e-02
1.202154e-03,-5.105943e+00,1.284120e+01,8.598933e+00,4.032916e+00,-9.351296e+00,-3.200666e+00,1.031748e+00,-4.572910e-01,-6.992368e+00,4.838974e+00,1.693562e+00,-2.273745e+00,1.299486e-02,0,3.902105e-01,-3.341927e-04,-4.208531e-01,4.347297e-01,6.322341e-02,1.890292e+00,4.677451e+00,2.230467e+00,-8.188691e-01,9.268497e-01,2.691376e+00,-1.780194e+00,5.643288e-02,-5.315246e-02,-8.461769e-04,0,-1.571564e-01
9.603089e-04,-5.916751e+00,1.259071e+01,8.257036e+00,5.863012e+00,-5.063341e+00,-2.035960e+00,-1.029731e+00,-6.837670e-02,-2.572500e+00,2.892946e+00,1.007336e+00,-1.127188e+00,1.390148e-02,0,1.937073e-01,-8.611212e-05,-1.046767e+00,-5.236893e-01,-1.096366e+00,8.732330e-01,2.398278e+00,1.764640e+00,4.913267e-01,3.908408e-01,2.846275e+00,-1.557902e+00,1.125178e+00,1.067572e+00,6.104563e-03,0,-1.562963e-01
8.887679e-04,-7.325031e+00,1.084801e+01,6.817150e+00,6.943527e+00,-3.375916e+00,2.332318e-01,1.367707e+00,-1.222882e-01,-1.357218e+00,1.572478e+00,3.277934e+00,8.020828e-01,2.629193e-02,0,0,1.885917e-04,-1.695705e+00,-1.005646e+00,-1.843699e+00,-6.171306e-01,-2.186879e-01,1.810574e+00,1.636472e+00,-2.907941e-01,2.260530e+00,-7.583500e-01,2.271492e+00,1.119913e+00,1.284376e-02,0,-9.741282e-02
1.371290e-03,-9.134473e+00,1.040433e+01,3.038168e+00,4.362189e+00,-7.217590e+00,1.690123e+00,3.712905e+00,-2.253913e-01,2.210208e+00,1.270124e+00,7.335982e+00,2.809793e+00,4.381989e-02,0,0,4.089228e-04,-2.187358e+00,-1.153257e+00,-1.234778e+00,-1.486000e+00,-1.913498e+00,1.265511e+00,2.461863e+00,-2.578024e-01,6.882145e-01,-3.214126e-02,2.231674e+00,3.606002e-01,1.417347e-02,0,-3.874146e-02
1.939622e-03,-1.197561e+01,8.906163e+00,1.989875e+00,1.697674e+00,-9.367611e+00,3.989162e+00,6.842788e+00,-1.832754e+00,1.918926e+00,1.858634e+00,9.886697e+00,1.357332e+00,6.225446e-02,0,0,3.784768e-04,-1.839789e+00,-1.166674e+00,4.274767e-01,-1.258867e+00,-2.136166e+00,-1.260922e-01,1.336698e+00,-5.480043e-01,-1.255493e+00,8.143812e-01,3.311206e-01,-6.058729e-01,8.945303e-03,0,3.062740e-02
2.479496e-03,-1.452825e+01,7.795355e+00,4.496786e+00,1.055936e+00,-1.163498e+01,2.413632e+00,8.542043e+00,-5.021558e-01,-7.694986e-01,2.589161e+00,8.861325e+00,3.981886e-01,6.678755e-02,0,0,1.260612e-04,-5.201851e-01,-8.116766e-01,1.786225e+00,-1.993044e-01,-1.780240e+00,-1.834132e+00,-3.068158e-01,-7.664195e-01,-2.803400e+00,8.676435e-01,-2.194365e+00,-8.844668e-01,3.324278e-04,0,8.469233e-02
2.227049e-03,-1.382708e+01,6.319136e+00,8.225224e+00,2.302319e+00,-1.184805e+01,-7.589836e-01,5.636630e+00,-2.723928e+00,-6.144827e+00,4.984866e+00,4.170866e+00,-1.021480e+00,5.953461e-02,0,1.531370e-01,-1.492921e-04,1.274547e+00,-1.534604e-01,1.252011e+00,9.782211e-01,-9.828259e-01,-3.480867e+00,-2.500220e+00,-1.099312e+00,-2.466579e+00,5.869249e-01,-3.682307e+00,-1.502565e-01,-8.038682e-03,0,1.388674e-01
1.857882e-03,-1.080966e+01,7.639463e+00,8.851620e+00,3.063344e+00,-1.487857e+01,-5.106462e+00,2.781905e+00,-3.611902e+00,-7.774914e+00,4.045227e+00,-7.779274e-01,-4.231348e-01,4.684195e-02,0,3.468932e-01,-3.000277e-04,2.090281e+00,4.944329e-01,-9.018660e-03,1.985433e+00,8.678206e-01,-3.655330e+00,-3.797812e+00,-9.292698e-01,-8.599958e-01,6.963072e-02,-3.176570e+00,5.349000e-01,-1.024479e-02,0,1.415272e-01
1.503968e-03,-7.462170e+00,8.216807e+00,6.072515e+00,5.585076e+00,-1.265995e+01,-9.655127e+00,-2.778240e+00,-5.774439e+00,-6.911260e+00,4.065226e+00,-3.705215e+00,1.016712e+00,3.203385e-02,0,5.208904e-01,-2.596323e-04,1.378862e+00,6.354714e-01,-8.321527e-01,2.695428e+00,3.113795e+00,-2.230080e+00,-3.400280e+00,-1.540602e-01,2.682127e-01,-3.451504e-01,-1.339406e+00,1.092849e+00,-7.132066e-03,0,5.305982e-02
1.340898e-03,-7.259305e+00,9.318684e+00,5.528047e+00,9.341724e+00,-6.889931e+00,-1.141495e+01,-6.239583e+00,-3.623249e+00,-4.686262e+00,3.397135e+00,-3.083487e+00,2.053593e+00,2.931399e-02,0,5.237592e-01,-1.881100e-04,-6.736656e-02,6.386471e-02,-7.168903e-01,2.340199e+00,4.163354e+00,3.639106e-01,-2.488746e+00,1.825985e-01,2.013268e-01,-1.270969e-01,6.391248e-01,8.435756e-01,-1.571472e-03,0,-5.726619e-02
1.187379e-03,-8.707952e+00,8.656882e+00,5.726247e+00,1.264027e+01,-2.733922e-01,-8.755138e+00,-6.854028e+00,-3.488555e+00,-6.348090e+00,3.583159e+00,-1.373387e+00,3.204399e+00,3.263826e-02,0,3.300031e-01,-1.178335e-04,-1.251183e+00,-5.099189e-01,-6.145664e-01,5.776471e-01,2.798167e+00,2.732939e+00,-9.159939e-01,3.724280e-01,-5.037085e-01,-2.952585e-02,1.545334e+00,4.990605e-01,5.741919e-04,0,-1.409534e-01
1.075626e-03,-1.052360e+01,7.738749e+00,5.440302e+00,1.123674e+01,-2.550794e-01,-3.736903e+00,-7.623930e+00,-3.841851e+00,-7.049865e+00,3.650775e+00,1.251783e+00,2.700899e+00,3.868238e-02,0,1.560059e-01,-7.163938e-05,-1.553228e+00,-1.121261e+00,-1.152178e+00,-1.292557e+00,7.296633e-01,3.514011e+00,2.310201e-01,5.133992e-01,-5.154039e-01,-2.531732e-01,9.957062e-01,3.786155e-01,1.873679e-03,0,-1.377521e-01
1.047436e-03,-1.208593e+01,6.457180e+00,3.043555e+00,7.525803e+00,-1.986538e+00,1.705489e-01,-6.666037e+00,-3.802998e+00,-8.248001e+00,3.790776e+00,1.853821e+00,3.188361e+00,3.022061e-02,0,0,-2.546896e-05,-1.404617e+00,-1.230093e+00,-1.703378e+00,-2.659228e+00,-7.551237e-01,3.041016e+00,1.544529e+00,1.591112e+00,1.640506e-01,-5.780058e-01,9.297390e-02,9.400645e-01,5.318827e-03,0,-8.160120e-02
1.052673e-03,-1.333645e+01,4.812228e+00,1.108501e+00,5.436172e+00,-2.385042e+00,1.692262e+00,-5.178479e+00,-8.990317e-01,-6.313325e+00,2.027460e+00,2.814403e-01,3.954690e+00,3.989121e-02,0,0,1.277045e-05,-1.066077e+00,-9.447578e-01,-2.056770e+00,-2.687985e+00,-3.351803e-01,2.236439e+00,2.759254e+00,2.248288e+00,5.458441e-01,-4.709006e-01,-7.105250e-01,1.877880e+00,8.038683e-03,0,-3.120117e-02
1.071512e-03,-1.432461e+01,3.969680e+00,-6.247438e-01,2.244416e+00,-2.984030e+00,3.735361e+00,-3.541085e-01,2.995597e+00,-5.896107e+00,1.504788e+00,-4.233466e-01,7.277827e+00,5.862798e-02,0,0,1.659265e-05,-6.962588e-01,-7.061462e-01,-2.302601e+00,-2.380621e+00,3.331913e-01,1.459579e+00,2.954199e+00,2.004686e+00,6.974444e-01,3.087508e-01,-3.354918e-01,2.397593e+00,6.527652e-03,0,0
1.127441e-03,-1.473465e+01,4.258710e+00,-3.009399e+00,4.375077e-01,-1.432235e+00,5.662886e+00,3.016376e+00,4.000291e+00,-5.496592e+00,2.439266e+00,-1.162259e+00,1.004557e+01,6.467211e-02,0,0,-3.674952e-06,-7.309008e-02,-2.288201e-01,-2.079755e+00,-1.708169e+00,1.010756e+00,9.566649e-01,2.274005e+00,7.748615e-01,2.168473e-01,3.892749e-01,-7.762118e-02,1.752992e+00,-2.810517e-03,0,0
1.093015e-03,-1.486813e+01,3.203208e+00,-6.410501e+00,-1.877972e+00,-7.969849e-01,5.483130e+00,4.007531e+00,3.770773e+00,-5.169146e+00,5.128627e+00,8.982117e-01,1.213089e+01,5.046842e-02,0,0,-3.306988e-05,1.016686e+00,4.733085e-01,-1.208485e+00,-8.427097e-01,7.158347e-01,-4.573869e-01,8.428515e-01,-4.319677e-01,-4.601474e-02,-3.849857e-01,-2.670343e-01,1.845903e-01,-9.700816e-03,0,3.511935e-02
1.023546e-03,-1.343014e+01,4.051363e+00,-6.397396e+00,-1.043479e+00,1.575218e+00,5.601702e+00,4.010727e+00,2.587688e+00,-5.592569e+00,2.161915e+00,-7.674448e-01,1.029312e+01,2.991840e-02,0,0,-3.180959e-05,2.313180e+00,1.598674e+00,4.776048e-03,-4.896227e-01,-5.542305e-01,-1.894209e+00,-1.932915e-01,-1.086201e+00,-4.069385e-01,-1.550979e+00,-8.544340e-01,-9.757434e-01,-1.112119e-02,0,9.371489e-02
9.581097e-04,-9.893435e+00,6.439896e+00,-4.973171e+00,-1.228639e+00,-9.085824e-01,1.479019e+00,3.362973e+00,1.542060e+00,-6.078192e+00,-2.814651e-01,-1.955925e+00,8.077003e+00,2.750076e-02,0,1.755968e-01,1.092989e-05,3.180869e+00,2.797729e+00,5.664982e-01,-7.336560e-01,-1.904584e+00,-2.977894e+00,-9.632593e-01,-1.646177e+00,-2.972744e-01,-1.902858e+00,-1.429377e+00,-1.109972e+00,-7.101844e-03,0,1.575205e-01
1.035846e-03,-5.656096e+00,1.063373e+01,-3.704184e+00,-2.335272e+00,-4.147589e+00,-1.806103e+00,2.372198e+00,-3.163581e-01,-7.076761e+00,-2.610585e+00,-4.007360e+00,7.193793e+00,2.055001e-02,0,3.807761e-01,1.523175e-04,2.293375e+00,2.701176e+00,3.518979e-01,-1.140867e+00,-2.308888e+00,-3.079885e+00,-1.066255e+00,-1.460389e+00,-5.352593e-03,-9.901246e-01,-6.658202e-01,-1.396755e-01,1.813237e-04,0,1.264853e-01
1.141515e-03,-2.850808e+00,1.390067e+01,-4.924616e+00,-4.900355e+00,-7.458501e+00,-5.702437e+00,1.049872e-02,-3.008091e+00,-5.913422e+00,-1.999413e+00,-4.628716e+00,8.130691e+00,1.964340e-02,0,5.972143e-01,2.663715e-04,4.992383e-01,1.412504e+00,6.096651e-02,-7.803262e-01,-1.472698e+00,-1.959212e+00,-5.210761e-01,-9.152107e-01,1.119885e-01,-4.517871e-01,-1.858511e-01,1.525396e-01,6.316108e-03,0,4.713168e-02
1.693431e-03,-5.484583e+00,1.382686e+01,-4.662184e+00,-4.911955e+00,-6.694262e+00,-6.206993e+00,3.556896e-01,-2.439182e+00,-5.701717e+00,-1.929734e+00,-2.760150e+00,9.567897e+00,3.475370e-02,0,4.216175e-01,2.656383e-04,-8.074538e-01,8.573637e-02,3.259368e-02,-3.352243e-01,-5.854625e-01,-6.882129e-01,2.309654e-01,-3.187203e-01,-1.446567e-01,-1.910891e-01,4.060149e-01,-7.129836e-02,9.700817e-03,0,-1.633370e-02
1.961175e-03,-7.482999e+00,1.190585e+01,-4.189338e+00,-3.841929e+00,-6.998735e+00,-6.116598e+00,1.765847e+00,-1.972582e+00,-6.205771e+00,-2.880826e+00,-3.508785e+00,7.652648e+00,5.197945e-02,0,3.908345e-01,8.791512e-05,-4.786793e-01,-4.746710e-01,4.941964e-03,-2.734917e-01,-2.813210e-01,6.903682e-01,7.218892e-01,-6.745226e-01,-5.371514e-01,-4.487795e-01,4.139138e-01,-5.618415e-01,5.862799e-03,0,3.313088e-03
1.954207e-03,-7.377268e+00,1.205982e+01,-3.908855e+00,-4.540607e+00,-7.304784e+00,-5.040087e+00,2.649351e+00,-2.427715e+00,-7.653870e+00,-3.125324e+00,-2.537251e+00,7.076322e+00,5.288607e-02,0,4.022975e-01,-1.551287e-04,7.435183e-01,-1.926823e-02,-9.004402e-02,-5.538610e-01,-4.725864e-01,1.112078e+00,3.461652e-01,-1.653467e+00,-4.026780e-01,-1.411775e-01,6.749328e-01,-4.755008e-01,-2.659413e-03,0,7.025029e-02
1.450702e-03,-4.297862e+00,1.241083e+01,-5.276571e+00,-6.453487e+00,-8.559845e+00,-2.834049e+00,2.473114e+00,-6.386438e+00,-7.623102e+00,-3.645516e+00,-2.670596e+00,6.567270e+00,3.989121e-02,0,6.234397e-01,-2.374826e-04,8.950253e-01,4.446507e-03,-1.426280e-01,-7.123427e-02,1.563628e-01,1.063055e+00,5.136663e-02,-2.032611e+00,-3.135512e-01,1.615138e-01,1.576972e+00,2.052560e-01,-7.252946e-03,0,7.003100e-02
1.173024e-03,-3.359560e+00,1.347803e+01,-4.568788e+00,-6.375481e+00,-8.276639e+00,-2.287875e+00,1.732882e+00,-8.499590e+00,-7.006442e+00,-2.253277e+00,1.954196e-01,7.733082e+00,2.750076e-02,0,6.565663e-01,-1.782129e-04,-7.075433e-02,-5.584734e-01,-1.329840e-01,1.228949e+00,1.206304e+00,5.381628e-01,4.901899e-01,-1.291178e+00,-2.183636e-01,1.492880e-01,2.112997e+00,2.712218e-01,-3.747355e-03,0,2.827766e-02
1.164353e-03,-5.016727e+00,1.121898e+01,-4.572512e+00,-3.280663e+00,-5.730994e+00,-2.177428e+00,2.480914e+00,-9.099699e+00,-8.097241e+00,-2.509280e+00,3.009742e+00,8.350549e+00,2.840737e-02,0,6.138551e-01,-1.536267e-05,-1.486376e+00,-1.120373e+00,-2.988833e-01,2.739865e+00,2.407786e+00,2.827057e-01,1.059637e+00,-4.731023e-01,1.043134e-02,6.486837e-01,2.568607e+00,-3.268452e-01,6.255667e-03,0,-6.730571e-02
1.206317e-03,-7.371607e+00,9.863381e+00,-4.925804e+00,1.772706e-02,-2.687690e+00,-2.677584e+00,5.096400e+00,-7.526974e+00,-8.508618e+00,-2.947002e+00,5.187565e+00,7.540792e+00,3.989121e-02,0,5.484781e-01,9.903471e-05,-2.339040e+00,-1.507541e+00,-5.554378e-01,3.684441e+00,2.660804e+00,4.211362e-01,1.200295e+00,-1.573218e-01,7.902773e-01,1.206688e+00,2.250938e+00,-1.329078e+00,1.749773e-02,0,-1.274502e-01
1.357242e-03,-9.723718e+00,8.616288e+00,-6.592479e+00,4.049234e+00,6.846128e-01,-1.225666e+00,6.089542e+00,-9.238257e+00,-6.819857e+00,-5.523443e-02,7.676366e+00,5.029189e+00,6.497432e-02,0,3.409553e-01,1.523522e-04,-2.557250e+00,-1.330185e+00,-4.346495e-01,3.586767e+00,2.284505e+00,1.095611e+00,5.294858e-01,-4.318762e-02,2.029923e+00,2.230892e+00,1.945691e+00,-1.444728e+00,2.260502e-02,0,-1.620423e-01
1.571753e-03,-1.270126e+01,7.241669e+00,-6.335993e+00,8.381775e+00,1.819578e+00,-6.580751e-01,5.930044e+00,-9.216920e+00,-3.693747e+00,2.553141e+00,9.116795e+00,2.748370e+00,9.670595e-02,0,1.557654e-01,3.084851e-04,-2.789678e+00,-1.313532e+00,-2.907585e-01,2.396259e+00,1.555431e+00,1.191206e+00,8.416457e-02,6.283156e-01,3.092527e+00,2.827536e+00,1.342996e+00,-7.383415e-01,2.003626e-02,0,-1.437912e-01
1.743397e-03,-1.513815e+01,5.878914e+00,-6.040665e+00,1.047115e+01,3.437900e+00,2.290872e+00,4.711522e+00,-8.470664e+00,-3.550631e-01,5.895109e+00,1.077358e+01,3.523118e+00,1.130251e-01,0,0,4.558311e-04,-2.827121e+00,-1.365344e+00,-2.353230e-01,4.345167e-01,4.973547e-01,4.973565e-01,8.242559e-02,1.704689e+00,3.217184e+00,2.914896e+00,6.296686e-01,-2.908981e-02,1.547295e-02,0,-8.376759e-02
2.555666e-03,-1.861278e+01,4.664409e+00,-6.655504e+00,8.788064e+00,3.712823e+00,1.520175e+00,6.206234e+00,-4.769193e+00,3.721621e+00,8.215508e+00,1.035394e+01,4.602120e+00,1.160471e-01,0,0,5.611569e-04,-2.679175e+00,-1.646465e+00,-4.169217e-01,-1.357459e+00,-2.037668e-01,-5.400411e-01,-2.326244e-01,1.691074e+00,2.802952e+00,2.698709e+00,8.331671e-02,-3.288224e-01,1.792082e-02,0,-3.115307e-02
3.144441e-03,-2.090356e+01,3.078198e+00,-7.609339e+00,6.018673e+00,2.224763e+00,1.719917e-01,6.363575e+00,-2.938675e+00,5.558377e+00,1.168806e+01,1.020614e+01,3.956865e+00,1.326685e-01,0,0,5.066317e-04,-2.173438e+00,-1.815470e+00,-2.285425e-01,-2.325883e+00,-4.626352e-01,-1.139759e+00,-1.131903e+00,9.115041e-01,1.929199e+00,1.034689e+00,-3.953440e-01,-1.071568e+00,2.713810e-02,0,0
3.677015e-03,-2.321443e+01,4.097003e-01,-7.636264e+00,3.820720e+00,1.407312e+00,-2.298841e+00,3.940895e+00,-3.527544e+00,7.364292e+00,1.315021e+01,9.817100e+00,8.873848e-01,1.764884e-01,0,0,3.518472e-04,-1.440911e+00,-1.505437e+00,3.177159e-01,-2.400859e+00,1.989072e-01,-7.079183e-01,-2.210782e+00,1.314635e-01,1.224580e+00,-5.534059e-01,-1.714374e-01,-9.891194e-01,3.324267e-02,0,0
3.715880e-03,-2.370451e+01,-1.071080e+00,-6.692997e+00,1.325404e+00,2.277479e+00,-1.498417e+00,1.846753e-01,-4.533967e+00,7.469599e+00,8.601207e+00,9.065280e+00,2.264710e-02,2.184950e-01,0,0,4.258475e-04,-1.047538e+00,-5.534525e-01,5.992206e-01,-2.221654e+00,6.429549e-01,-2.494404e-01,-2.131242e+00,4.982668e-01,4.230613e-01,-1.988925e+00,-2.457271e-01,-1.037259e-01,2.822605e-02,0,0
4.029182e-03,-2.441686e+01,-7.881381e-01,-5.525095e+00,-8.695961e-01,4.681001e+00,-1.184212e+00,-1.758227e+00,-3.314229e+00,8.888912e+00,6.991906e+00,1.006718e+01,1.623632e+00,2.393472e-01,0,0,7.355007e-04,-9.018553e-01,5.895287e-01,3.418256e-01,-2.152531e+00,3.809073e-01,3.908875e-02,-1.408773e+00,1.965816e+00,-6.247874e-01,-1.772870e+00,-2.828016e-01,9.278046e-01,1.749773e-02,0,0
5.097596e-03,-2.554004e+01,9.098545e-01,-5.668821e+00,-2.744439e+00,3.802693e+00,-1.632525e+00,-1.443072e+00,-5.539983e-01,6.911373e+00,4.822587e+00,8.852464e+00,3.070112e+00,2.423693e-01,0,0,1.136403e-03,-1.011844e+00,1.297094e+00,-1.629754e-01,-2.102291e+00,-3.276742e-01,-1.977682e-01,-4.561512e-01,3.497598e+00,-1.741182e+00,-7.110548e-01,-8.289028e-01,3.504694e-01,1.130251e-02,0,0
6.663661e-03,-2.680595e+01,2.366877e+00,-6.439224e+00,-4.907014e+00,2.549241e+00,-2.036343e+00,-2.289096e+00,4.311551e+00,4.519467e+00,6.175165e+00,8.509500e+00,4.002676e+00,2.520399e-01,0,0,1.447313e-03,-9.350348e-01,1.388581e+00,-4.962501e-01,-1.644545e+00,-7.143695e-01,2.107256e-02,2.280308e-01,4.171133e+00,-2.404464e+00,2.315530e-01,-1.081122e+00,-7.866260e-01,1.242067e-02,0,0
8.080655e-03,-2.756919e+01,3.836884e+00,-7.050809e+00,-7.167343e+00,1.704988e+00,-2.061193e+00,-1.830646e+00,9.141135e+00,9.484132e-01,5.454303e+00,5.699605e+00,5.854724e-01,2.686612e-01,0,0,1.563130e-03,-6.783533e-01,1.141133e+00,-5.182834e-01,-4.122508e-01,-3.207069e-01,3.216130e-01,8.960554e-01,3.424954e+00,-2.493034e+00,7.395946e-01,-9.404480e-01,-1.746726e+00,1.783016e-02,0,0
9.774220e-03,-2.807746e+01,4.691252e+00,-7.315351e+00,-6.880871e+00,2.158006e+00,-8.645152e-01,-4.242860e-01,1.269387e+01,-1.519270e-01,7.833813e+00,6.237997e+00,-1.067178e+00,2.883046e-01,0,0,1.813290e-03,-4.894112e-01,8.280379e-01,-4.164845e-01,1.079900e+00,-1.021005e-01,2.069525e-01,9.484657e-01,1.419478e+00,-2.013009e+00,4.412678e-01,-6.612657e-01,-1.637421e+00,2.030825e-02,0,0
1.135797e-02,-2.829605e+01,5.453331e+00,-7.822174e+00,-3.818765e+00,2.394776e+00,-6.103736e-01,2.104800e+00,1.237961e+01,-3.218099e+00,7.691236e+00,5.285975e+00,-3.128593e+00,3.133877e-01,0,0,1.907289e-03,-3.100782e-01,7.964785e-01,-3.374512e-01,2.034028e+00,-2.898262e-01,-3.426609e-01,7.375263e-02,-6.414883e-01,-1.475425e+00,-6.885381e-02,-2.377962e-01,-3.431425e-01,1.915986e-02,0,0
1.409146e-02,-2.888957e+01,5.698843e+00,-8.135964e+00,-1.181803e+00,1.693845e+00,-1.726990e+00,4.855100e-01,9.789702e+00,-3.462320e+00,7.263037e+00,5.409986e+00,-2.327398e+00,3.312179e-01,0,0,1.975094e-03,-2.638685e-01,7.032943e-01,-4.548420e-01,1.765619e+00,-8.741539e-01,-7.476659e-01,-1.101182e+00,-1.502071e+00,-8.796444e-01,-6.714385e-01,-3.732653e-01,6.152797e-01,1.347840e-02,0,0
1.545848e-02,-2.871353e+01,7.315481e+00,-8.327759e+00,1.532621e-01,4.879378e-01,-3.343260e+00,-1.916781e+00,7.385777e+00,-4.773517e+00,5.395422e+00,4.924630e+00,-5.001302e-01,3.430039e-01,0,0,1.610735e-03,-9.545898e-02,7.410052e-01,-6.282166e-01,7.962142e-01,-1.199920e+00,-3.511578e-01,-1.225967e+00,-8.711368e-01,-4.009795e-03,-2.110491e-01,-6.120471e-01,9.052544e-01,6.165016e-03,0,0
1.759943e-02,-2.918806e+01,7.276648e+00,-9.336769e+00,-3.879098e-02,-1.259344e+00,-3.236402e+00,-3.919407e+00,7.680431e+00,-3.772440e+00,5.624527e+00,4.552343e+00,6.949890e-01,3.408885e-01,0,0,1.112623e-03,4.879189e-03,4.682649e-01,-1.019273e+00,1.653207e-01,-1.451827e+00,5.281706e-01,4.052141e-02,2.922881e-01,1.341181e-01,2.808378e-01,-1.169726e+00,2.085883e-01,1.148391e-03,0,0
1.765765e-02,-2.862410e+01,8.369454e+00,-1.036285e+01,-4.091997e-01,-2.128230e+00,-1.611456e+00,-1.822579e+00,9.078567e+00,-3.083088e+00,7.455246e+00,2.654561e+00,-1.135152e-01,3.393775e-01,0,0,6.021432e-04,5.892792e-02,1.988623e-01,-8.747603e-01,4.778644e-01,-1.158771e+00,1.157312e+00,1.125609e+00,9.821643e-01,7.322566e-02,6.059605e-01,-1.400529e+00,-3.605954e-01,-5.137473e-04,0,0
1.855499e-02,-2.890989e+01,7.513181e+00,-1.221478e+01,-7.396873e-02,-4.257208e+00,4.796096e-02,6.410162e-01,1.040475e+01,-3.636944e+00,7.637314e+00,6.963885e-01,-1.477764e+00,3.387730e-01,0,0,4.173145e-05,-4.186439e-03,1.393834e-01,-7.441034e-01,1.048262e+00,-4.226105e-01,1.244469e+00,1.210017e+00,3.445742e-01,-1.720754e-01,2.712737e-01,-8.489658e-01,2.276059e-02,-3.022253e-05,0,0
1.799142e-02,-2.855797e+01,8.191525e+00,-1.126255e+01,2.560173e+00,-3.806984e+00,8.011179e-01,1.431051e+00,1.093444e+01,-4.475137e+00,7.418831e+00,-1.500370e-01,-1.216731e+00,3.414929e-01,0,0,-5.534150e-04,-1.142229e-01,8.522086e-02,-3.837196e-01,1.087101e+00,3.826453e-01,5.635072e-01,4.392628e-01,-3.808865e-01,5.149435e-01,-2.905923e-01,-2.080894e-01,9.472598e-01,-1.178604e-03,0,0
1.764120e-02,-2.924206e+01,8.062530e+00,-1.260744e+01,3.717833e+00,-2.533020e+00,1.779656e+00,5.038640e-01,8.475366e+00,-3.936792e+00,6.999104e+00,1.709813e+00,1.360400e+00,3.396797e-01,0,0,-1.640416e-03,-2.151928e-02,2.306909e-01,7.623196e-02,3.032717e-01,8.229445e-01,-4.078768e-01,1.095000e-01,-9.294726e-01,1.582989e+00,-1.027748e-01,3.948432e-01,1.334733e+00,-4.472652e-03,0,0
1.534747e-02,-2.902913e+01,8.520885e+00,-1.208513e+01,3.130406e+00,-1.077098e+00,3.402323e-01,4.423110e-01,8.138825e+00,-3.584463e-01,6.321390e+00,1.107402e+00,3.203702e+00,3.330311e-01,0,0,-2.580547e-03,9.664536e-02,-2.353158e-01,6.207150e-01,-8.148548e-01,5.712967e-01,-1.728024e+00,7.217552e-01,-5.679365e-01,2.136087e+00,2.917976e-01,4.334852e-01,8.936960e-01,-1.163494e-02,0,0
1.167489e-02,-2.878191e+01,8.501956e+00,-1.142234e+01,1.157273e+00,-1.507429e+00,-1.760980e+00,1.682886e+00,7.155192e+00,2.219655e+00,7.672161e+00,2.041885e+00,2.985686e+00,3.206407e-01,0,0,-3.235022e-03,6.108087e-01,-1.015686e+00,1.523933e+00,-1.410224e+00,2.628767e-01,-2.285365e+00,1.364737e+00,2.258203e-01,1.428147e+00,3.405996e-01,2.896988e-01,1.087125e-01,-2.051980e-02,0,0
8.071846e-03,-2.830482e+01,6.795233e+00,-8.751529e+00,-2.338214e-01,-1.463296e+00,-6.068682e+00,4.450316e+00,8.754844e+00,3.127072e+00,8.541290e+00,1.851353e+00,2.439106e+00,2.928377e-01,0,0,-3.103451e-03,1.382120e+00,-1.977193e+00,1.512195e+00,-1.345319e+00,2.705291e-01,-1.704196e+00,1.362141e+00,7.965888e-01,2.170185e-01,-2.060079e-01,-2.593017e-03,-6.732751e-01,-3.094591e-02,0,0
5.103902e-03,-2.655017e+01,3.846923e+00,-6.654569e+00,-1.651174e+00,-1.025537e+00,-6.442712e+00,5.323544e+00,9.296458e+00,1.461182e+00,7.592151e+00,2.786331e+00,2.286260e+00,2.571774e-01,0,0,-2.477050e-03,2.391701e+00,-2.228214e+00,1.068843e+00,-8.044335e-01,6.632684e-01,1.325322e-01,5.378102e-01,6.204256e-01,-3.396021e-01,-1.289266e+00,-9.396886e-01,-4.870060e-01,-4.019341e-02,0,0
3.115706e-03,-2.323440e+01,9.624335e-01,-6.908035e+00,-2.191967e+00,3.460159e-02,-5.839880e+00,5.432686e+00,1.105114e+01,1.105883e+00,5.331355e+00,7.222137e-01,1.870397e-01,2.100332e-01,0,0,-1.692056e-03,2.993642e+00,-1.656222e+00,9.187560e-02,-1.350125e-01,9.884001e-01,2.046882e+00,-2.417489e-01,3.843556e-02,3.250692e-01,-1.064326e+00,-1.779853e+00,1.801846e-02,-4.925959e-02,0,0
1.767704e-03,-1.935862e+01,2.772854e-01,-6.999870e+00,-1.885822e+00,1.059965e+00,-1.212721e+00,3.880752e+00,9.109174e+00,1.532239e+00,2.830797e+00,-2.091988e+00,1.676689e+00,1.610759e-01,0,0,-9.596404e-04,2.816827e+00,-6.556405e-01,-5.192991e-01,5.545713e-01,1.395775e+00,3.250888e+00,-1.409208e-01,-7.459987e-01,9.868582e-01,9.067450e-02,-1.726772e+00,1.025469e+00,-5.288607e-02,0,0
1.279665e-03,-1.693239e+01,2.989432e-01,-8.119500e+00,-7.915596e-01,2.435954e+00,1.550733e+00,3.962967e+00,9.040664e+00,4.716889e+00,5.600338e+00,-4.608750e+00,2.833984e+00,9.459051e-02,0,0,-4.299472e-04,1.965437e+00,-1.676166e-02,-7.003752e-01,1.145176e+00,1.270258e+00,3.669167e+00,7.663200e-01,-9.716603e-01,1.253366e+00,1.555331e+00,-7.949638e-01,1.746023e+00,-4.786945e-02,0,0
1.223721e-03,-1.561704e+01,9.004653e-01,-8.645332e+00,4.214791e-01,4.752661e+00,6.116419e+00,5.353799e+00,6.571701e+00,4.589969e+00,7.911032e+00,-3.182049e+00,6.090132e+00,5.046842e-02,0,0,-9.291924e-05,1.089387e+00,2.180115e-01,-6.456178e-01,1.699446e+00,1.300333e+00,3.326164e+00,1.622175e+00,-7.886681e-01,8.510828e-01,2.291999e+00,1.136121e-01,1.347951e+00,-3.448172e-02,0,0
1.237962e-03,-1.527800e+01,5.670353e-01,-9.587180e+00,2.380262e+00,4.539541e+00,8.841384e+00,8.527762e+00,7.461571e+00,5.843850e+00,1.056789e+01,-2.707575e+00,6.710434e+00,2.598973e-02,0,0,5.714223e-05,7.853204e-01,-3.244609e-02,-1.239082e-01,1.718461e+00,9.933246e-01,2.423599e+00,1.374346e+00,-3.149168e-01,4.634163e-01,1.405212e+00,3.888901e-01,2.954326e-01,-1.779994e-02,0,0
1.323960e-03,-1.473888e+01,1.233297e+00,-9.494120e+00,5.025496e+00,6.509838e+00,1.177277e+01,9.709231e+00,5.955379e+00,5.224173e+00,1.180701e+01,-2.474515e+00,6.478217e+00,2.296767e-02,0,0,5.232883e-04,5.929989e-01,-3.433221e-01,6.209091e-01,6.133536e-01,1.057856e+00,7.601840e-01,-2.086228e-01,-5.866423e-02,-1.222684e-01,1.315494e-01,1.767008e-01,-1.055504e+00,-4.049561e-03,0,0
1.515257e-03,-1.344487e+01,-2.970298e-02,-8.314648e+00,5.498736e+00,6.523988e+00,1.084055e+01,8.656979e+00,7.774240e+00,6.716869e+00,1.067841e+01,-3.018066e+00,4.117105e+00,1.934119e-02,0,0,1.821080e-03,5.865087e-02,-4.721827e-01,1.544563e+00,-1.222169e+00,9.979033e-01,-9.668570e-01,-2.352180e+00,-6.650431e-01,-1.979519e+00,-1.893148e+00,4.662134e-01,-7.319236e-01,1.060743e-02,0,0
3.701515e-03,-1.356861e+01,-5.177761e-01,-6.177053e+00,1.929010e+00,9.049718e+00,8.917754e+00,4.246077e+00,6.122045e+00,3.542117e+00,8.513523e+00,-2.143299e+00,2.109279e+00,3.354488e-02,0,0,2.861695e-03,-8.037014e-01,1.269641e-01,2.307058e+00,-2.871674e+00,-3.081355e-02,-2.584116e+00,-3.945412e+00,-2.158784e+00,-3.764519e+00,-2.926595e+00,2.887061e-01,6.990546e-01,2.278634e-02,0,0
9.154584e-03,-1.556988e+01,-9.183416e-01,-3.522897e+00,-2.182341e+00,8.259118e+00,5.434608e+00,-5.015597e-01,4.053023e+00,-3.212720e+00,2.748898e+00,-5.421162e-01,5.235285e+00,7.373828e-02,0,0,2.775850e-03,-8.270505e-01,1.486477e+00,2.373464e+00,-3.118173e+00,-2.204253e+00,-3.655325e+00,-3.976411e+00,-3.611750e+00,-4.866839e+00,-2.735850e+00,8.471970e-02,2.246602e+00,2.520399e-02,0,4.038598e-02
1.181277e-02,-1.769488e+01,2.312437e+00,-3.547078e-01,-5.492338e+00,5.488205e+00,1.555168e+00,-5.438558e+00,-2.977930e+00,-8.633626e+00,1.138794e+00,-2.268960e+00,9.414399e+00,1.097008e-01,0,0,1.226403e-03,4.117420e-01,2.289622e+00,1.172544e+00,-2.385113e+00,-4.917000e+00,-4.611555e+00,-2.326934e+00,-3.196718e+00,-3.542580e+00,-1.349194e+00,-2.192478e-01,1.857120e+00,1.181626e-02,1.443553e+01,1.079558e-01
1.133888e-02,-1.551699e+01,5.987575e+00,6.414995e-01,-6.381453e+00,-2.716521e+00,-3.754780e+00,-6.382758e+00,-5.734520e+00,-1.152945e+01,6.865212e-01,-2.531637e+00,1.169756e+01,1.072832e-01,0,2.019299e-01,-3.085998e-04,2.044492e+00,1.789949e+00,-1.238526e+00,-1.181112e+00,-6.118920e+00,-4.775801e+00,1.424711e-01,-8.670412e-01,-9.732713e-01,1.390272e-01,-1.100310e-01,8.775558e-02,-9.428830e-03,3.568591e+01,1.819170e-01
8.741380e-03,-1.153635e+01,7.477374e+00,-2.396534e+00,-7.896999e+00,-1.004746e+01,-9.545325e+00,-4.447996e+00,-4.967771e+00,-1.001242e+01,2.798740e+00,-2.244778e+00,8.163743e+00,7.585374e-02,7.217767e+01,4.388139e-01,-4.011156e-04,2.856745e+00,-2.811638e-01,-4.088128e+00,2.459934e-01,-4.790959e+00,-3.799226e+00,2.508277e+00,2.329885e+00,1.230665e+00,3.931241e-02,2.958596e-01,-1.150432e+00,-2.142642e-02,5.618729e+01,1.979602e-01
9.147280e-03,-8.426686e+00,5.448935e+00,-8.694615e+00,-6.885568e+00,-1.456765e+01,-1.289415e+01,-2.844850e-01,7.127374e-01,-7.389680e+00,2.614061e+00,-1.104362e+00,6.299391e+00,4.351768e-02,1.423407e+02,6.901780e-01,3.243742e-04,2.414004e+00,-2.201578e+00,-5.667705e+00,1.389473e+00,-1.537843e+00,-1.868149e+00,3.274983e+00,3.288380e+00,2.492448e+00,-6.732296e-01,-2.109439e-01,-1.247034e+00,-1.828347e-02,5.442573e+01,1.453166e-01
1.090299e-02,-6.956300e+00,1.175938e+00,-1.612729e+01,-4.010314e+00,-1.254102e+01,-1.287128e+01,4.053689e+00,5.447865e+00,-4.550190e+00,3.715859e-01,-1.503300e+00,6.361322e+00,3.445150e-02,2.097661e+02,7.456768e-01,1.120431e-03,1.701209e+00,-3.200434e+00,-5.418339e+00,1.860838e+00,1.449615e+00,4.018119e-01,2.639281e+00,2.243003e+00,2.364255e+00,-1.343433e+00,-1.261768e+00,-8.169645e-01,-8.431551e-03,3.129711e+01,7.940546e-02
1.187995e-02,-5.736990e+00,-1.869596e+00,-2.083165e+01,-1.377432e+00,-9.158956e+00,-1.143255e+01,5.741315e+00,5.499559e+00,-1.798327e+00,-1.466050e+00,-3.957096e+00,6.363596e+00,3.656694e-02,2.033345e+02,7.750814e-01,8.969029e-04,1.339720e+00,-2.846055e+00,-3.651845e+00,1.195383e+00,3.034082e+00,1.902576e+00,1.171638e+00,-2.059119e-01,1.875456e+00,-7.534692e-01,-1.932494e+00,-1.294297e+00,-2.145663e-03,9.332611e+00,2.531728e-02
1.297720e-02,-4.375153e+00,-4.865534e+00,-2.341971e+01,-1.346877e+00,-5.503736e+00,-8.267066e+00,5.735508e+00,3.853832e+00,-9.868180e-01,-1.878372e+00,-7.127252e+00,4.046818e+00,3.717135e-02,1.981663e+02,7.933895e-01,-2.200210e-04,1.556655e+00,-1.273665e+00,-8.513830e-01,9.302124e-02,2.939307e+00,2.930161e+00,-3.783562e-01,-2.031979e+00,7.689241e-01,3.422763e-01,-1.496764e+00,-2.084044e+00,-2.810516e-03,-1.699478e+01,8.861422e-05
1.259469e-02,-3.018662e+00,-5.760603e+00,-2.330762e+01,-2.240373e+00,-2.915883e+00,-5.683372e+00,4.732797e+00,4.801944e-01,2.059162e-01,-2.830601e-02,-7.954857e+00,9.851580e-01,3.142944e-02,1.948036e+02,7.929080e-01,-1.645326e-03,1.572560e+00,9.222509e-01,2.011732e+00,-6.854892e-01,2.169489e+00,2.401618e+00,-5.659952e-01,-2.492963e+00,-9.124707e-02,8.395478e-01,-2.177140e-01,-1.742834e+00,-5.530371e-03,-3.476521e+01,-2.420540e-02
9.445516e-03,-5.321917e-01,-3.246883e+00,-1.914622e+01,-3.113737e+00,-9.660261e-01,-1.095060e+00,2.666168e+00,-2.202345e+00,-1.707692e+00,1.364096e+00,-6.988237e+00,-1.369678e+00,2.296767e-02,1.290576e+02,7.372065e-01,-2.768575e-03,1.107361e+00,3.213848e+00,4.280723e+00,-8.380833e-01,9.000534e-01,7.594022e-01,-2.462581e-01,-2.376873e+00,-4.241467e-01,5.843519e-01,1.022105e+00,-9.258050e-01,-6.436990e-03,-5.270735e+01,-4.037296e-02
5.419161e-03,2.043283e-01,1.932333e+00,-1.290974e+01,-3.921448e+00,-5.803633e-01,-3.010461e+00,4.446009e+00,-3.937167e+00,-1.894126e+00,1.110455e+00,-5.115174e+00,3.576736e-01,1.601692e-02,6.406275e+01,6.821459e-01,-2.708537e-03,1.555208e-01,4.133552e+00,4.489521e+00,-4.878401e-01,-9.032116e-02,-1.436942e+00,5.395733e-01,-2.082470e+00,-2.825817e-01,-3.700131e-01,1.406566e+00,-4.137350e-02,-4.835298e-03,-3.890244e+01,-3.318555e-02
2.722089e-03,-4.498449e-01,7.357239e+00,-7.215046e+00,-4.696755e+00,-2.171229e+00,-5.806510e+00,4.647611e+00,-5.821852e+00,-2.057531e+00,4.740065e-01,-3.436570e+00,-2.684646e-01,1.269266e-02,0,6.469058e-01,-1.690420e-03,-7.300695e-01,3.478120e+00,2.784081e+00,-1.559884e-01,-8.491880e-01,-2.632124e+00,7.177461e-01,-2.202383e+00,2.101806e-01,-1.011384e+00,1.148070e+00,-1.312127e-01,-2.236326e-03,3.418060e-01,-9.167885e-03
2.413719e-03,-2.282231e+00,9.605094e+00,-6.825605e+00,-3.888065e+00,-2.764887e+00,-1.051236e+01,6.439941e+00,-8.122402e+00,-1.032073e+00,-1.433327e+00,-2.697860e+00,2.276838e-01,1.239045e-02,6.482023e+01,6.721306e-01,-6.071804e-04,-9.271818e-01,1.940897e+00,7.339934e-01,1.933024e-01,-1.344636e+00,-2.201805e+00,-1.527982e-01,-2.336626e+00,3.089707e-01,-1.314386e+00,2.479971e-01,-1.026671e+00,5.137500e-04,3.945858e+01,1.219491e-02
2.496139e-03,-2.939260e+00,1.030734e+01,-8.267875e+00,-3.910371e+00,-4.119704e+00,-1.050473e+01,5.257932e+00,-1.112164e+01,-1.087815e+00,-2.420934e+00,-2.456546e+00,-1.960746e+00,1.359927e-02,1.303879e+02,6.963747e-01,-3.950377e-05,-5.867241e-01,6.094782e-01,-3.008704e-01,1.799130e-01,-1.619112e+00,-1.577987e+00,-9.442285e-01,-2.097769e+00,8.278767e-01,-1.163026e+00,-6.385249e-01,-1.702386e+00,2.568752e-03,5.280764e+01,2.063594e-02
2.496234e-03,-3.186873e+00,1.016177e+01,-8.713355e+00,-3.348128e+00,-6.329306e+00,-1.167037e+01,3.376858e+00,-1.297040e+01,-8.341300e-01,-4.014002e+00,-4.365201e+00,-3.929542e+00,1.813237e-02,1.961617e+02,7.183860e-01,1.843206e-04,1.351925e-01,-4.346359e-01,-1.001942e+00,-2.743462e-01,-8.592113e-01,-4.205627e-01,-9.583354e-01,-2.019495e+00,6.876844e-01,-4.962285e-01,-9.327536e-01,-1.978683e+00,3.324267e-03,3.458286e+01,1.583133e-02
2.483313e-03,-2.931144e+00,1.012629e+01,-7.775523e+00,-4.067158e+00,-8.484579e+00,-1.311744e+01,1.458011e+00,-1.388670e+01,1.982882e+00,-4.050785e+00,-5.795525e+00,-6.701781e+00,2.266546e-02,1.983675e+02,7.269578e-01,8.461344e-04,4.559751e-01,-1.681990e+00,-2.846709e+00,-3.194454e-01,1.147399e+00,8.982154e-01,4.230946e-01,-2.016810e+00,1.630239e-01,-2.687981e-02,-1.072820e+00,-1.186899e+00,3.233606e-03,1.631109e+01,1.457910e-02
3.341735e-03,-1.610326e+00,7.522438e+00,-1.208149e+01,-5.181402e+00,-4.878506e+00,-1.130882e+01,3.548225e+00,-1.683735e+01,8.710005e-01,-3.099544e+00,-5.692139e+00,-7.295216e+00,2.447869e-02,2.037447e+02,7.359958e-01,1.869134e-03,3.172522e-01,-3.032622e+00,-5.376053e+00,-1.237773e-01,3.499570e+00,2.513880e+00,2.029808e+00,-2.248410e+00,-7.229614e-01,4.472802e-01,-1.280705e+00,-1.150315e-01,3.294047e-03,4.382043e+00,1.726324e-02
6.304061e-03,-1.447658e+00,3.217053e+00,-2.081735e+01,-4.590961e+00,8.918913e-01,-6.194436e+00,7.287721e+00,-1.927222e+01,-1.125261e+00,-3.012563e+00,-7.157175e+00,-6.212403e+00,2.659414e-02,2.081518e+02,7.604653e-01,2.784858e-03,-3.068429e-01,-3.708149e+00,-6.545390e+00,7.012776e-01,4.514272e+00,3.002960e+00,2.566051e+00,-2.005056e+00,-7.933902e-01,4.191996e-01,-1.679391e+00,5.198478e-01,4.986401e-03,4.434558e+00,2.243995e-02
9.931532e-03,-2.342355e+00,-1.546724e+00,-2.907270e+01,-3.705113e+00,6.480309e+00,-2.562476e+00,1.061104e+01,-2.151969e+01,-2.894866e+00,-2.296712e+00,-1.008790e+01,-4.749388e+00,3.263826e-02,2.131797e+02,7.879484e-01,2.841576e-03,-9.390262e-01,-3.124692e+00,-5.078448e+00,1.207424e+00,3.651267e+00,2.196672e+00,1.769210e+00,-1.253358e+00,6.017702e-01,1.577357e-01,-1.813873e+00,2.093842e-01,7.132065e-03,4.219903e+00,2.257205e-02
1.311271e-02,-4.099344e+00,-3.879873e+00,-3.200687e+01,-1.298915e+00,8.407374e+00,-2.475812e+00,1.075686e+01,-2.157081e+01,-1.011356e-01,-2.356202e+00,-1.199460e+01,-5.375455e+00,4.351768e-02,2.158228e+02,8.131812e-01,2.006716e-03,-9.910837e-01,-1.860340e+00,-2.487214e+00,9.461024e-01,1.888366e+00,1.407955e+00,4.381371e-01,-2.487152e-01,1.643998e+00,-2.566105e-01,-1.025921e+00,-4.771016e-01,7.464492e-03,4.456871e+00,1.737806e-02
1.414529e-02,-4.979615e+00,-4.552557e+00,-3.187897e+01,-7.903070e-01,9.620088e+00,-2.184771e+00,1.065971e+01,-2.195484e+01,3.367789e+00,-2.639046e+00,-1.234279e+01,-6.666769e+00,5.167725e-02,2.210088e+02,8.224981e-01,9.938625e-04,-5.371547e-01,-5.600424e-01,-5.809458e-01,1.694712e-01,2.739423e-01,1.458801e+00,-2.487004e-01,4.033491e-01,1.532081e+00,-7.167192e-01,4.869890e-02,-7.180901e-01,4.533092e-03,4.741966e+00,1.050072e-02
1.423076e-02,-5.084447e+00,-4.581729e+00,-3.185029e+01,-1.317852e+00,8.763832e+00,6.564894e-01,9.454073e+00,-2.029822e+01,3.963402e+00,-4.124448e+00,-1.115933e+01,-7.639221e+00,5.439710e-02,2.265217e+02,8.300808e-01,-7.550958e-05,2.026121e-01,3.974876e-01,2.997215e-01,-1.075355e+00,-1.012851e+00,1.962770e+00,9.613495e-02,6.585197e-01,1.005640e-01,-7.834412e-01,5.387834e-01,6.219454e-02,-7.857356e-04,4.895427e+00,2.101535e-03
1.434182e-02,-4.535577e+00,-3.996008e+00,-3.205572e+01,-2.848289e+00,7.671791e+00,3.165377e+00,1.001893e+01,-2.013924e+01,2.733273e+00,-4.996185e+00,-1.026204e+01,-7.207956e+00,4.986401e-02,2.315401e+02,8.320022e-01,-1.118540e-03,6.898574e-01,1.517157e+00,1.486449e+00,-1.917847e+00,-1.916017e+00,1.457218e+00,5.942168e-01,2.670231e-01,-1.332630e+00,-4.834533e-01,7.757473e-03,1.037256e+00,-5.802358e-03,4.101230e+00,-1.155369e-02
1.263690e-02,-3.308302e+00,-2.170710e+00,-3.041989e+01,-5.646700e+00,4.317268e+00,4.662963e+00,1.155792e+01,-1.918601e+01,7.189422e-01,-5.094839e+00,-1.034106e+01,-4.793889e+00,4.049562e-02,2.350342e+02,8.189368e-01,-2.240207e-03,7.495402e-01,2.598935e+00,3.184840e+00,-2.321888e+00,-2.269937e+00,2.289035e-01,3.448254e-01,-4.986263e-01,-2.346752e+00,4.090748e-02,-1.343887e+00,1.612148e+00,-8.854641e-03,3.686771e+00,-2.395023e-02
9.349525e-03,-2.418400e+00,1.827716e+00,-2.516193e+01,-8.215117e+00,2.263283e+00,3.098083e+00,1.257887e+01,-2.117583e+01,-1.673133e+00,-4.571117e+00,-1.271314e+01,-2.903153e+00,2.961620e-02,2.372587e+02,7.703016e-01,-2.849571e-03,3.599697e-01,3.050128e+00,4.572745e+00,-1.904176e+00,-2.006530e+00,-1.357030e+00,-1.008046e+00,-1.148770e+00,-2.704139e+00,-9.055424e-03,-2.933606e+00,1.144017e+00,-9.096405e-03,4.342669e+00,-3.069535e-02
5.525872e-03,-2.395335e+00,5.501082e+00,-1.937298e+01,-1.024388e+01,1.184012e-01,1.834654e+00,9.898231e+00,-2.227306e+01,-5.567153e+00,-4.132445e+00,-1.665322e+01,-1.730884e+00,2.024781e-02,2.420963e+02,7.411799e-01,-2.367427e-03,-1.499333e-01,2.592248e+00,4.613586e+00,-1.077232e+00,-1.122328e+00,-2.375870e+00,-2.329036e+00,-1.719541e+00,-2.294588e+00,-4.142559e-01,-3.290881e+00,2.517661e-01,-7.071623e-03,5.784936e+00,-2.302011e-02
3.649472e-03,-3.192212e+00,7.418737e+00,-1.471545e+01,-1.007058e+01,-2.614270e-01,-2.205617e+00,5.808546e+00,-2.433957e+01,-7.644374e+00,-5.522659e+00,-2.177399e+01,-3.019376e+00,1.450589e-02,2.497225e+02,7.174039e-01,-1.276922e-03,-2.820533e-01,1.966562e+00,3.616833e+00,-5.788145e-02,-4.706599e-02,-2.738327e+00,-2.189579e+00,-1.179070e+00,-6.282713e-01,-6.177929e-01,-1.930475e+00,-1.046695e-02,-3.838018e-03,6.837836e+00,-1.305401e-02
3.649789e-03,-3.671062e+00,7.995022e+00,-1.257519e+01,-1.010513e+01,-3.201874e-02,-4.564539e+00,3.297900e+00,-2.620185e+01,-7.768378e+00,-6.690347e+00,-2.226504e+01,-3.476947e+00,1.269266e-02,2.577270e+02,7.302852e-01,-2.604500e-04,-6.474061e-02,1.678203e+00,2.410117e+00,5.849862e-01,1.049209e+00,-2.625542e+00,-7.229749e-01,-6.337429e-01,8.299934e-01,-3.169904e-01,3.137808e-01,5.501278e-01,-8.763975e-04,6.301186e+00,-9.912342e-03
3.902958e-03,-3.190803e+00,1.041356e+01,-1.047666e+01,-8.573899e+00,2.103163e+00,-7.393955e+00,4.931139e+00,-2.510679e+01,-3.713878e+00,-6.381131e+00,-1.955960e+01,-2.082456e+00,1.420369e-02,2.636324e+02,7.104790e-01,1.365561e-04,1.709910e-01,1.615970e+00,1.365261e+00,7.559215e-01,1.354414e+00,-2.205915e+00,6.293252e-01,2.573101e-01,8.293932e-01,4.665704e-02,1.967007e+00,1.442740e+00,6.950740e-04,4.944180e+00,-8.711392e-03
4.096879e-03,-2.719743e+00,1.239469e+01,-9.441792e+00,-8.067287e+00,4.182150e+00,-8.698889e+00,6.722060e+00,-2.505816e+01,-3.382435e+00,-5.288161e+00,-1.619150e+01,5.512955e-01,1.601692e-02,2.666472e+02,6.950807e-01,1.492295e-04,3.058458e-01,1.009644e+00,1.579788e-01,5.750098e-02,6.922905e-01,-1.794707e+00,1.102298e+00,1.241273e+00,-5.205164e-01,-1.792747e-01,1.388655e+00,1.214233e+00,1.239045e-03,4.622144e+00,-3.847653e-03
4.108707e-03,-2.812917e+00,1.329875e+01,-9.455845e+00,-7.309894e+00,4.403559e+00,-1.116802e+01,7.243092e+00,-2.362486e+01,-5.690380e+00,-5.990467e+00,-1.497572e+01,2.180205e+00,1.631913e-02,2.699833e+02,6.914492e-01,5.215308e-04,3.522015e-01,-4.075568e-01,-1.377331e+00,-1.410144e+00,-4.515667e-01,-4.318587e-01,9.437689e-01,2.013103e+00,-2.360535e+00,-8.172630e-01,6.286488e-02,6.071709e-01,1.752795e-03,5.833374e+00,1.463434e-02
4.293062e-03,-2.330776e+00,1.160064e+01,-1.229571e+01,-1.044963e+01,2.279236e+00,-1.165104e+01,7.653414e+00,-2.073644e+01,-9.382709e+00,-7.782053e+00,-1.761370e+01,4.628863e-01,1.783016e-02,2.776623e+02,7.205618e-01,9.990602e-04,4.721299e-01,-2.107033e+00,-2.937911e+00,-2.362600e+00,-1.370109e+00,1.065459e+00,1.025675e+00,2.440902e+00,-2.724182e+00,-1.261020e+00,-9.109437e-01,1.572146e-02,2.991840e-03,7.278729e+00,3.042859e-02
6.412521e-03,-1.624278e+00,8.772793e+00,-1.593636e+01,-1.443345e+01,7.967865e-01,-8.077172e+00,9.184306e+00,-1.720214e+01,-1.251642e+01,-9.220500e+00,-1.853418e+01,9.976024e-01,2.206104e-02,2.872917e+02,7.709101e-01,1.209985e-03,3.201709e-01,-3.274259e+00,-3.707433e+00,-2.114483e+00,-1.084675e+00,2.148105e+00,2.120781e-01,9.193255e-01,-1.706696e+00,-7.566364e-01,-5.383152e-01,1.919335e-01,3.989120e-03,6.473251e+00,3.551079e-02
7.940273e-03,-9.534128e-01,4.122504e+00,-2.089109e+01,-1.631851e+01,-8.650076e-01,-4.917013e+00,1.087983e+01,-1.606502e+01,-1.359032e+01,-9.978244e+00,-1.896699e+01,1.221204e+00,2.810517e-02,2.943866e+02,8.074932e-01,7.340478e-04,-7.909523e-02,-3.087102e+00,-3.307528e+00,-4.239283e-01,1.191676e-01,1.507832e+00,-2.073732e+00,-1.716083e+00,2.472063e-01,7.171880e-01,6.363052e-01,3.212203e-01,3.626473e-03,3.013657e+00,2.542428e-02
8.335029e-03,-1.900744e+00,6.665269e-01,-2.369532e+01,-1.494787e+01,5.523073e-01,-3.794503e+00,6.690275e+00,-2.136395e+01,-1.212005e+01,-8.675553e+00,-1.699065e+01,2.760714e+00,3.112723e-02,2.939874e+02,8.255374e-01,-2.097770e-04,-2.919522e-01,-1.983172e+00,-2.025336e+00,1.261032e+00,1.396689e+00,2.252857e-01,-5.132249e+00,-3.344901e+00,2.164856e+00,2.163784e+00,9.662567e-01,-4.937226e-01,1.722575e-03,-1.186014e+00,1.033760e-02
7.002047e-03,-2.588020e+00,2.182643e-01,-2.495387e+01,-1.231206e+01,2.997313e+00,-6.253215e+00,-1.468230e+00,-2.723595e+01,-8.344859e+00,-4.468586e+00,-1.520394e+01,1.187432e+00,3.142944e-02,2.893828e+02,8.203695e-01,-7.220742e-04,-1.076190e-01,-6.108909e-01,-5.419163e-01,2.087035e+00,1.787906e+00,-3.090907e-01,-6.627317e+00,-2.796316e+00,3.140972e+00,2.706981e+00,6.954533e-01,-1.111441e+00,-3.928684e-04,-3.992972e+00,8.494377e-04
5.832749e-03,-2.266736e+00,8.090535e-01,-2.403165e+01,-1.013152e+01,5.849072e+00,-6.282642e+00,-1.030291e+01,-2.834117e+01,-4.314870e+00,-1.156410e+00,-1.558442e+01,-1.454125e+00,2.901179e-02,2.838636e+02,8.161599e-01,-7.459190e-04,3.903468e-01,-3.240810e-01,3.012508e-01,2.204226e+00,5.467433e-01,-2.904299e-01,-5.405576e+00,1.662993e-01,2.698447e+00,1.617565e+00,3.326931e-02,-1.174588e+00,-1.329707e-03,-4.281851e+00,-7.584393e-04
5.581042e-03,-1.308512e+00,9.967862e-01,-2.343250e+01,-8.291509e+00,5.426138e+00,-5.218397e+00,-1.376016e+01,-2.655798e+01,-1.788056e+00,-2.029117e-01,-1.619284e+01,-2.228583e+00,2.719855e-02,2.794836e+02,8.164291e-01,-2.174960e-04,6.079761e-01,-8.100802e-01,2.751493e-01,1.863396e+00,-1.360941e+00,1.745500e-01,-1.888819e+00,2.653135e+00,1.456740e+00,-2.739125e-01,3.188744e-01,5.652704e-02,-5.439712e-04,-3.021173e+00,2.956855e-03
5.315937e-03,-5.887645e-01,-1.343139e+00,-2.294975e+01,-5.937013e+00,2.071611e+00,-5.764062e+00,-1.419164e+01,-2.087144e+01,-1.906220e+00,-2.720565e+00,-1.632985e+01,-1.404221e+00,2.659414e-02,2.775277e+02,8.237154e-01,3.677679e-04,3.795263e-01,-1.235936e+00,-2.749542e-01,1.190476e+00,-2.947785e+00,-2.968555e-02,1.497652e+00,3.346214e+00,-9.331828e-02,-1.939238e+00,1.480833e+00,1.158093e+00,1.178604e-03,-1.621304e+00,5.956912e-03
6.172973e-03,-3.871249e-01,-2.756041e+00,-2.411907e+01,-5.092328e+00,-1.918659e+00,-5.639755e+00,-8.967965e+00,-1.770514e+01,-2.265482e+00,-5.056071e+00,-1.323685e+01,1.445116e+00,2.991840e-02,2.774449e+02,8.313761e-01,7.299219e-04,6.603074e-03,-7.146430e-01,-4.580374e-01,-3.262035e-01,-2.857621e+00,2.127178e-01,3.419122e+00,2.662433e+00,-1.257354e+00,-2.301625e+00,2.603033e+00,1.540743e+00,2.447870e-03,-1.224142e+00,5.631924e-03
7.375623e-03,-8.297976e-01,-3.494215e+00,-2.506314e+01,-5.778726e+00,-5.217453e+00,-6.220391e+00,-5.210750e+00,-1.603652e+01,-4.542748e+00,-8.426022e+00,-9.658250e+00,2.499491e+00,3.354488e-02,2.767765e+02,8.384710e-01,7.467865e-04,-1.327583e-01,6.841485e-01,9.345245e-02,-2.529910e+00,-1.537071e+00,7.154969e-01,3.560394e+00,1.801252e+00,-1.902569e+00,-9.719241e-01,2.583983e+00,1.192236e+00,2.175884e-03,-2.154425e+00,1.224273e-03
8.200808e-03,-1.154980e+00,-1.500891e+00,-2.466599e+01,-1.000167e+01,-5.217435e+00,-3.926644e+00,-1.154995e+00,-1.566327e+01,-6.756560e+00,-8.858310e+00,-6.513480e+00,3.523277e+00,3.596253e-02,2.737386e+02,8.372110e-01,7.090899e-05,1.956701e-01,1.959735e+00,1.377185e+00,-3.699950e+00,-3.629837e-02,9.409440e-01,2.629687e+00,2.180186e+00,-2.118671e+00,1.118691e+00,1.419684e+00,4.269289e-01,9.066127e-05,-4.181384e+00,-1.038701e-02
8.035951e-03,-8.686283e-01,1.450028e+00,-2.220902e+01,-1.613189e+01,-3.964356e+00,-3.043133e+00,-2.961490e-01,-1.288611e+01,-9.173528e+00,-5.679066e+00,-6.771623e+00,3.517876e+00,3.445150e-02,2.686087e+02,8.269193e-01,-8.720323e-04,6.853372e-01,2.591830e+00,2.830103e+00,-2.756028e+00,3.969298e-01,8.189338e-01,1.523810e+00,2.597774e+00,-1.390609e+00,2.487194e+00,-4.499388e-02,-6.158963e-01,-1.631913e-03,-2.244920e+01,-2.670200e-02
6.197354e-03,6.106409e-01,4.570511e+00,-1.866021e+01,-1.841550e+01,-2.726700e+00,-2.523664e+00,1.723169e+00,-8.379421e+00,-1.054345e+01,-8.360932e-01,-7.581745e+00,3.070568e+00,2.991840e-02,2.606218e+02,7.852169e-01,-1.633930e-03,6.435406e-01,2.072083e+00,3.518392e+00,1.529466e-01,1.835196e-01,8.363106e-01,8.544096e-01,2.507800e+00,-2.515386e-01,2.271097e+00,-8.739481e-01,-1.700854e+00,-1.329707e-03,-4.778089e+01,-4.095877e-02
4.017189e-03,1.714078e+00,6.429235e+00,-1.391551e+01,-1.535195e+01,-4.478172e+00,-2.827211e+00,9.692174e-01,-6.689578e+00,-9.602347e+00,-1.159271e-03,-9.349087e+00,-3.536356e-01,2.840737e-02,1.710889e+02,7.309580e-01,-1.761527e-03,-1.412950e-01,9.265072e-01,3.099713e+00,2.539538e+00,-4.324643e-01,1.142021e+00,5.052768e-01,1.134807e+00,7.173006e-01,1.067558e+00,-1.087022e-02,-1.845556e+00,2.236326e-03,-7.142452e+01,-4.611956e-02
2.040539e-03,7.713696e-01,6.369922e+00,-1.122079e+01,-9.626908e+00,-4.042930e+00,1.469482e-01,2.484370e+00,-6.222540e+00,-7.799843e+00,-3.417759e-01,-9.594488e+00,-3.045235e+00,3.233605e-02,8.359405e+01,6.803977e-01,-1.300055e-03,-1.361766e+00,-4.609206e-01,1.547222e+00,2.555515e+00,-3.215767e-01,1.629314e+00,2.984339e-03,-1.305188e-01,1.031297e+00,3.988920e-01,1.517464e+00,-1.060529e+00,5.046843e-03,-6.923325e+01,-3.681026e-02
1.306723e-03,-1.655467e+00,5.182858e+00,-1.043017e+01,-7.828496e+00,-5.468563e+00,1.331667e+00,1.849635e+00,-8.290519e+00,-6.958827e+00,-5.884356e-01,-5.819602e+00,-2.652003e+00,4.442430e-02,0,6.487311e-01,-6.961764e-04,-1.936968e+00,-1.342065e+00,-3.729401e-02,9.613638e-01,-3.590180e-01,1.193333e+00,-3.311544e-01,-4.128252e-01,8.116323e-01,1.091887e+00,3.282194e+00,7.433437e-01,5.590814e-03,-4.257718e+01,-1.875725e-02
1.052311e-03,-4.513418e+00,2.889096e+00,-1.266677e+01,-9.399650e+00,-3.839388e+00,3.543466e+00,1.297882e+00,-8.231544e+00,-6.708720e+00,1.452005e+00,-1.759167e+00,-1.082896e+00,4.714416e-02,0,6.422791e-01,-2.166051e-04,-1.647162e+00,-1.259019e+00,-6.146469e-01,-1.251064e-01,-5.048232e-02,6.232528e-01,-1.986853e-01,8.591349e-01,1.127683e+00,1.853239e+00,4.063811e+00,2.085765e+00,1.722575e-03,-1.671881e+01,-4.822016e-03
1.030421e-03,-5.328370e+00,1.459321e+00,-1.337899e+01,-1.065876e+01,-6.375033e+00,1.441196e+00,-9.331042e-02,-7.749201e+00,-6.089747e+00,4.561385e+00,3.144223e+00,2.381914e+00,4.895739e-02,0,6.562311e-01,-4.144176e-06,-6.513253e-01,-3.345394e-01,-4.957743e-02,4.560181e-01,9.096884e-01,4.662666e-01,9.809763e-01,2.426105e+00,1.525025e+00,2.036266e+00,2.995773e+00,2.755703e+00,-3.142944e-03,0,-4.601431e-03
1.095665e-03,-5.627989e+00,1.936596e+00,-1.281961e+01,-8.837308e+00,-3.842106e+00,3.208448e+00,2.462416e+00,-2.197525e+00,-2.595968e+00,6.349508e+00,6.242653e+00,4.866634e+00,3.868238e-02,0,6.525376e-01,3.006204e-04,4.490740e-01,8.698825e-01,2.141075e-01,6.447495e-01,1.996520e+00,2.495791e-01,2.089832e+00,1.969887e+00,1.135492e+00,1.590572e+00,4.822579e-01,2.562795e+00,-5.893020e-03,1.650559e+01,-4.101497e-03
1.264325e-03,-4.354809e+00,3.986411e+00,-1.060163e+01,-5.829577e+00,-9.187617e-01,3.830509e+00,6.172249e+00,8.229949e-01,-1.390078e+00,7.144142e+00,5.158354e+00,8.151746e+00,3.294047e-02,0,6.205946e-01,9.316040e-04,9.181119e-01,8.923089e-01,-6.368501e-01,-3.689237e-01,2.803088e+00,2.961352e-01,1.975417e+00,-2.692914e-01,1.121138e-01,1.086880e+00,-3.221179e+00,1.302068e+00,-5.711696e-03,4.092619e+01,9.214950e-03
2.438461e-03,-2.754829e+00,5.974964e+00,-1.298492e+01,-8.590494e+00,3.415077e+00,3.596705e+00,8.614262e+00,-2.668206e+00,-3.381096e+00,8.113487e+00,-3.549426e-01,8.846165e+00,2.568752e-02,8.252796e+01,6.395898e-01,1.866177e-03,6.911037e-01,-4.890154e-01,-2.285600e+00,-2.274796e+00,2.197644e+00,-9.699976e-01,4.266551e-01,-2.766726e+00,-5.936669e-01,8.260410e-01,-5.996947e+00,-2.492110e-01,-2.175884e-03,6.475204e+01,3.824666e-02
5.017043e-03,-2.174391e+00,3.901682e+00,-1.648059e+01,-1.262679e+01,4.011814e+00,2.727743e+00,6.707855e+00,-8.860317e+00,-5.136614e+00,9.113797e+00,-9.662876e+00,6.902491e+00,2.689634e-02,1.633670e+02,7.087798e-01,2.775463e-03,-3.077664e-01,-2.455029e+00,-3.332998e+00,-2.491499e+00,1.564714e+00,-2.169718e+00,-1.170283e+00,-2.216319e+00,3.514527e-01,-1.312094e-01,-6.408692e+00,-1.768262e+00,5.741920e-04,6.312437e+01,5.503074e-02
8.550189e-03,-3.262679e+00,-4.661168e-01,-2.130813e+01,-1.681269e+01,4.680826e+00,-1.090157e+00,4.327889e+00,-1.118950e+01,-3.691035e+00,9.494885e+00,-1.633146e+01,4.245206e+00,3.082502e-02,2.420767e+02,7.996784e-01,3.095906e-03,-1.229957e+00,-3.691075e+00,-2.955073e+00,-6.490353e-01,6.365061e-01,-3.902442e+00,-1.579623e+00,6.032032e-01,1.460830e+00,-1.568541e+00,-4.747064e+00,-2.031912e+00,2.145664e-03,3.627609e+01,4.425669e-02
1.208578e-02,-5.639716e+00,-5.068193e+00,-2.310501e+01,-1.417598e+01,6.271936e+00,-4.674650e+00,2.464021e+00,-5.997956e+00,5.221547e-01,5.797396e+00,-1.889684e+01,1.610914e+00,3.324267e-02,2.358474e+02,8.157040e-01,2.651980e-03,-1.617181e+00,-3.175697e+00,-2.002461e+00,1.660824e+00,-6.030612e-01,-5.359478e+00,-2.825823e-01,2.948601e+00,1.414600e+00,-2.547105e+00,-1.782042e+00,-1.084914e+00,1.329707e-03,9.598448e+00,1.753217e-02
1.438362e-02,-7.171950e+00,-7.995473e+00,-2.444807e+01,-1.106108e+01,5.467547e+00,-1.221431e+01,2.838066e+00,-1.083371e+00,1.093670e+00,1.928981e+00,-1.947328e+01,1.332395e+00,3.324267e-02,2.276682e+02,8.074111e-01,1.702771e-03,-1.481563e+00,-1.712569e+00,-6.257383e-01,2.932157e+00,-2.755415e+00,-5.698295e+00,1.409020e+00,2.730723e+00,4.651315e-01,-2.186133e+00,6.791013e-01,4.487491e-01,1.511030e-04,-8.081286e+00,-6.215858e-03
1.536023e-02,-8.305661e+00,-8.212123e+00,-2.492293e+01,-7.198472e+00,6.031470e-01,-1.850757e+01,6.039855e+00,8.296284e-01,-4.559664e-01,1.612252e-01,-1.700218e+01,2.934325e+00,3.233605e-02,2.185635e+02,7.925742e-01,4.733688e-04,-1.057904e+00,4.825754e-02,6.943897e-01,2.343643e+00,-5.076180e+00,-4.597838e+00,2.189022e+00,4.462904e-01,-1.830645e-01,-5.323695e-01,2.344875e+00,1.602535e+00,6.044097e-05,-7.881131e+00,-1.271853e-02
1.542682e-02,-9.337523e+00,-7.456995e+00,-2.352787e+01,-5.640651e+00,-6.261854e+00,-2.266517e+01,9.585072e+00,-9.496741e-01,-8.763162e-01,1.382306e+00,-1.388329e+01,5.827246e+00,3.203385e-02,2.103123e+02,7.801640e-01,-6.624511e-04,-6.619762e-01,1.211623e+00,2.345631e+00,1.136484e+00,-6.150558e+00,-1.757609e+00,1.259752e+00,-1.299674e+00,2.642659e-01,8.483145e-01,3.057635e+00,1.597264e+00,7.857356e-04,-6.469476e+00,-1.422541e-02
1.393102e-02,-9.846452e+00,-5.096145e+00,-2.009316e+01,-5.167974e+00,-1.324426e+01,-2.243841e+01,1.003563e+01,-3.833352e+00,5.918252e-01,3.408887e+00,-9.967464e+00,7.376165e+00,3.414929e-02,2.051197e+02,7.657350e-01,-1.560142e-03,-3.040857e-01,1.759647e+00,3.519941e+00,2.466440e-03,-5.413425e+00,1.056149e+00,-6.192658e-01,-2.140212e+00,7.061308e-01,1.409818e+00,2.542559e+00,6.638261e-01,1.208824e-03,-4.656195e+00,-1.561336e-02
1.178597e-02,-9.711435e+00,-3.495346e+00,-1.513479e+01,-6.393906e+00,-1.836154e+01,-1.903694e+01,7.138940e+00,-5.250250e+00,1.891103e+00,4.546723e+00,-7.702461e+00,7.097797e+00,3.626473e-02,2.020427e+02,7.497037e-01,-1.732813e-03,-1.496026e-01,2.047465e+00,3.684095e+00,-6.887969e-01,-2.926848e+00,2.213456e+00,-1.973657e+00,-2.381799e+00,-1.668822e-01,7.497554e-01,1.350151e+00,-1.844892e-01,6.950736e-04,-1.624269e+01,-1.849908e-02
9.379942e-03,-9.639133e+00,-1.394714e+00,-1.151976e+01,-6.809513e+00,-2.041413e+01,-1.504094e+01,4.166591e+00,-7.721146e+00,1.690978e+00,5.628109e+00,-7.379797e+00,5.618181e+00,3.626473e-02,1.994173e+02,7.297376e-01,-1.088774e-03,-2.675219e-01,2.248644e+00,2.867167e+00,-1.016828e+00,1.322771e-01,1.491831e+00,-2.045491e+00,-2.813966e+00,-1.445581e+00,2.804859e-01,8.777876e-02,-2.204765e-01,-5.439710e-04,-3.494880e+01,-1.967714e-02
9.038295e-03,-1.018919e+01,9.296142e-01,-9.394094e+00,-8.263866e+00,-1.731116e+01,-1.529662e+01,2.651304e+00,-1.091477e+01,-2.260303e+00,4.021472e+00,-8.426368e+00,5.783792e+00,3.445150e-02,1.319501e+02,7.056673e-01,-1.660793e-04,-3.928939e-01,2.603570e+00,1.937581e+00,-1.261838e+00,2.330991e+00,-1.302968e-01,-1.320458e+00,-3.087121e+00,-2.209569e+00,-7.369123e-02,-7.050835e-01,4.286400e-01,-1.420369e-03,-5.380806e+01,-1.603812e-02
9.860988e-03,-1.094518e+01,3.934593e+00,-8.627677e+00,-9.317132e+00,-1.310807e+01,-1.684941e+01,2.051992e+00,-1.507092e+01,-4.560378e+00,5.073942e+00,-9.166617e+00,6.930785e+00,3.233605e-02,6.542208e+01,6.893675e-01,3.042600e-04,-1.982312e-01,2.587154e+00,1.405937e+00,-1.004412e+00,2.887458e+00,-8.769497e-01,-6.769478e-01,-2.532727e+00,-1.768596e+00,-8.650208e-03,-1.438942e+00,1.103723e+00,-1.601692e-03,-5.307846e+01,-7.614708e-03
1.071505e-02,-1.102288e+01,6.857849e+00,-6.892931e+00,-1.144928e+01,-1.035962e+01,-1.878419e+01,1.593948e+00,-1.701097e+01,-6.031063e+00,4.455350e+00,-1.033447e+01,8.584695e+00,3.112723e-02,0,6.896982e-01,-5.957503e-05,2.424227e-01,2.163107e+00,1.293564e+00,1.071905e-01,1.716025e+00,-1.108322e-01,-2.263792e-01,-1.495929e+00,-8.970801e-01,6.136198e-02,-1.791332e+00,1.474465e+00,-1.269266e-03,-3.293222e+01,-6.416857e-04
1.006286e-02,-1.021345e+01,8.576941e+00,-5.740658e+00,-1.023886e+01,-9.452617e+00,-1.768191e+01,1.310530e+00,-1.733668e+01,-5.266624e+00,5.367918e+00,-1.362046e+01,9.736344e+00,2.991840e-02,0,6.996486e-01,-7.187429e-04,5.597647e-01,1.563875e+00,1.155613e+00,1.822459e+00,-1.309786e-02,1.176322e+00,6.157554e-02,-1.142981e-01,-7.755868e-01,-6.859036e-02,-1.749792e+00,1.468448e+00,-6.044116e-05,-1.308442e+01,-5.533773e-03
8.639481e-03,-9.342949e+00,9.423978e+00,-4.369781e+00,-7.267048e+00,-1.055876e+01,-1.543454e+01,1.890139e+00,-1.726154e+01,-6.392580e+00,4.181293e+00,-1.515611e+01,1.175334e+01,2.931399e-02,0,6.973183e-01,-9.826804e-04,4.215163e-01,1.359619e+00,6.864451e-01,3.509961e+00,-1.541062e+00,2.461333e+00,1.627494e-01,9.827582e-01,-7.088206e-01,1.897955e-01,-6.318779e-01,4.699314e-01,2.840737e-03,0,-5.772325e-02
7.305057e-03,-8.986324e+00,1.047090e+01,-4.111188e+00,-2.295956e+00,-1.307399e+01,-1.264262e+01,2.211775e+00,-1.551713e+01,-8.257553e+00,4.868019e+00,-1.550476e+01,1.268870e+01,3.294047e-02,0,6.578885e-01,-3.768245e-04,-2.607742e-01,1.764693e+00,3.206492e-01,3.902788e+00,-1.852659e+00,2.918736e+00,3.189435e-01,1.705981e+00,-4.913364e-01,3.846172e-01,1.093002e+00,-8.035334e-01,1.178604e-02,0,-1.281166e-01
7.180551e-03,-9.528860e+00,1.270897e+01,-4.275440e+00,2.129064e+00,-1.625424e+01,-8.997162e+00,1.957073e+00,-1.300695e+01,-8.079701e+00,5.654278e+00,-1.255171e+01,9.458173e+00,4.381989e-02,0,4.219619e-01,1.218732e-03,-1.207943e+00,2.039578e+00,-3.435559e-01,3.445977e+00,-8.839279e-01,3.000103e+00,3.298821e-01,2.260991e+00,3.878523e-01,5.224699e-01,2.504472e+00,-2.175947e+00,2.517377e-02,0,-1.855781e-01
8.908208e-03,-1.142436e+01,1.575791e+01,-4.184582e+00,4.577019e+00,-1.586817e+01,-6.306917e+00,2.871780e+00,-1.093406e+01,-6.879746e+00,6.554512e+00,-9.457649e+00,6.866260e+00,8.159565e-02,0,1.967438e-01,3.857369e-03,-2.287944e+00,1.805145e+00,-1.180568e+00,1.940692e+00,3.705646e-01,2.554454e+00,9.430224e-01,2.593058e+00,1.432243e+00,7.540046e-01,3.426182e+00,-1.835413e+00,4.085826e-02,0,-1.737739e-01
1.393157e-02,-1.416364e+01,1.697836e+01,-6.050864e+00,6.526349e+00,-1.358131e+01,-3.601875e+00,3.209546e+00,-8.248116e+00,-5.142222e+00,5.950396e+00,-5.657303e+00,3.784823e+00,1.308552e-01,0,0,7.621538e-03,-3.052118e+00,1.155146e+00,-2.178654e+00,9.870232e-01,1.449509e+00,1.882729e+00,1.459138e+00,2.862443e+00,1.883810e+00,9.025696e-01,3.341118e+00,-9.344410e-01,4.892717e-02,0,-1.040668e-01
2.321640e-02,-1.810865e+01,1.736193e+01,-9.126315e+00,5.208863e+00,-1.255763e+01,-2.568000e+00,6.300649e+00,-4.931259e+00,-2.565078e+00,8.489983e+00,-1.821054e+00,6.348312e+00,1.937141e-01,0,0,1.064170e-02,-2.880634e+00,8.848999e-01,-1.998542e+00,1.412849e+00,1.968171e+00,1.969104e+00,2.089615e+00,3.130233e+00,2.235149e+00,1.300149e+00,2.597588e+00,-5.060737e-01,3.958900e-02,0,-3.934877e-02
3.813415e-02,-2.144731e+01,1.768269e+01,-1.269784e+01,6.748258e+00,-1.066197e+01,-1.452975e+00,7.538326e+00,-1.696143e+00,-8.179854e-01,9.199390e+00,3.355860e-01,5.044941e+00,2.323965e-01,0,0,1.075376e-02,-1.710858e+00,1.180637e+00,-5.765503e-01,2.529258e+00,2.459062e+00,2.327049e+00,2.130015e+00,2.546463e+00,2.160867e+00,1.495890e+00,1.168347e+00,-8.377529e-01,1.486854e-02,0,0
5.001539e-02,-2.218570e+01,1.983025e+01,-1.085380e+01,1.153031e+01,-7.486982e+00,2.464154e+00,1.115546e+01,1.441114e+00,2.133882e+00,1.143076e+01,5.338437e-01,3.705833e+00,2.287700e-01,0,0,7.653263e-03,-3.126888e-01,1.206333e+00,7.314642e-01,3.015732e+00,2.454545e+00,2.707277e+00,1.466037e+00,1.720111e+00,1.833364e+00,1.493342e+00,2.572625e-01,-1.281866e+00,-7.978236e-03,0,0
5.430087e-02,-2.067941e+01,2.164739e+01,-8.069872e+00,1.601192e+01,-3.821323e+00,5.517295e+00,1.143221e+01,1.298014e+00,3.312635e+00,1.195946e+01,-9.930176e-01,9.172985e-01,1.876700e-01,0,0,3.453418e-03,1.411852e-01,5.556191e-01,6.339633e-01,1.558422e+00,1.478848e+00,1.841367e+00,6.976476e-01,2.202152e-01,5.805325e-01,1.091984e+00,3.005577e-01,-2.061517e-01,-6.588094e-03,0,0
5.339935e-02,-2.005604e+01,2.141125e+01,-7.782980e+00,1.565570e+01,-3.705233e+00,7.483248e+00,1.168389e+01,2.172216e+00,4.536429e+00,1.457666e+01,1.295603e-01,2.002803e+00,1.761862e-01,0,0,2.702225e-04,-4.690762e-01,-4.625645e-01,-4.750111e-01,-6.402653e-01,3.921267e-01,6.994683e-01,1.672579e-01,-1.016612e+00,-1.144399e+00,-2.766258e-01,3.709549e-01,5.020549e-01,1.631913e-02,0,0
5.370926e-02,-2.180621e+01,1.967029e+01,-1.106344e+01,1.247768e+01,-5.158605e+00,5.244315e+00,1.076235e+01,-9.606180e-01,8.834036e-01,1.308636e+01,2.040516e+00,4.865698e+00,2.257479e-01,0,0,-1.735564e-03,-1.213360e+00,-1.006071e+00,-8.808531e-01,-1.663522e+00,-3.748183e-01,8.536711e-02,7.558384e-01,-1.740162e+00,-1.992358e+00,-1.709585e+00,-1.682851e-01,3.551628e-01,3.683892e-02,0,0
5.166231e-02,-2.396768e+01,1.850598e+01,-1.173207e+01,1.009610e+01,-4.857708e+00,6.097986e+00,1.232668e+01,-2.512632e+00,-2.373500e+00,9.484178e+00,8.718514e-01,4.241908e+00,2.913267e-01,0,0,-3.581227e-03,-1.454532e+00,-1.185870e+00,-1.394472e-01,-1.565043e+00,-7.586250e-01,2.203236e-02,9.248508e-01,-1.820965e+00,-1.147683e+00,-2.144845e+00,-6.807939e-01,-6.323037e-01,3.109701e-02,0,0
4.649157e-02,-2.479039e+01,1.806966e+01,-1.049959e+01,1.047410e+01,-5.119177e+00,6.636762e+00,1.489001e+01,-5.060374e+00,-3.194188e+00,5.957772e+00,-2.205589e+00,1.573560e+00,3.142943e-01,0,0,-5.350824e-03,-1.018762e+00,-1.259502e+00,7.658122e-01,-1.359359e+00,-1.391324e+00,1.690458e-01,7.227873e-01,-1.218426e+00,6.350816e-01,-1.065277e+00,-1.048007e-01,-8.719317e-01,7.041407e-03,0,0
3.910206e-02,-2.583661e+01,1.628221e+01,-8.762140e+00,8.832270e+00,-7.518072e+00,6.897186e+00,1.424432e+01,-4.882732e+00,8.368103e-01,7.416729e+00,-1.151357e+00,4.873535e-01,2.873980e-01,0,0,-6.335206e-03,-7.430946e-01,-1.648262e+00,1.156683e+00,-1.620697e+00,-1.924705e+00,-6.673346e-01,-2.767885e-01,-3.483646e-01,1.783564e+00,6.326995e-02,1.090925e+00,2.678267e-02,-1.251133e-02,0,0
3.323527e-02,-2.596555e+01,1.448466e+01,-8.719344e+00,6.312797e+00,-1.078504e+01,5.689943e+00,1.341747e+01,-5.867701e+00,2.453656e+00,8.793697e+00,2.528116e+00,2.383317e+00,2.629193e-01,0,0,-6.970733e-03,-4.540253e-01,-1.867560e+00,1.748330e+00,-2.107805e+00,-1.632457e+00,-1.193518e+00,-1.343237e+00,4.420067e-01,1.167390e+00,-1.377793e-01,1.093788e+00,6.290616e-01,-1.417346e-02,0,0
2.661443e-02,-2.709557e+01,1.205717e+01,-6.838784e+00,4.073271e+00,-1.164830e+01,3.234722e+00,1.167901e+01,-3.850792e+00,3.720400e+00,8.382565e+00,3.959622e+00,3.970942e+00,2.544576e-01,0,0,-6.980184e-03,1.855219e-01,-1.555385e+00,2.865299e+00,-1.651586e+00,-6.970968e-01,-1.433416e+00,-2.340288e+00,3.314951e-01,-7.045453e-01,-2.156919e+00,-9.888697e-01,-5.434278e-02,-1.166516e-02,0,0
1.788172e-02,-2.643104e+01,1.084438e+01,-2.719617e+00,2.314579e+00,-1.121635e+01,2.500402e+00,9.456477e+00,-3.366311e+00,1.200966e+00,4.785958e+00,7.078605e-01,2.977074e+00,2.598973e-01,0,0,-6.640189e-03,1.501004e+00,-6.431999e-01,3.708461e+00,-1.359261e+00,3.646278e-02,-1.008468e+00,-3.835723e+00,-3.067292e-01,-2.387556e+00,-3.798862e+00,-2.952265e+00,-1.382298e+00,-2.323965e-02,0,3.530345e-02
1.187791e-02,-2.467626e+01,1.032542e+01,2.564493e+00,2.573448e+00,-1.078790e+01,1.324879e+00,4.523371e+00,-4.475952e+00,-2.059571e+00,-1.363997e+00,-5.185577e+00,-8.123890e-02,2.305833e-01,0,0,-5.291353e-03,3.137989e+00,6.697326e-01,3.208194e+00,-1.555793e+00,1.715488e-01,-1.040284e+00,-5.012473e+00,-1.330085e+00,-3.196460e+00,-4.052278e+00,-3.412186e+00,-2.345196e+00,-4.536114e-02,0,9.483227e-02
7.402583e-03,-1.967019e+01,1.213454e+01,5.121324e+00,2.664022e-01,-1.103293e+01,1.602523e+00,-2.183326e+00,-7.088767e+00,-6.594139e+00,-5.327330e+00,-7.660607e+00,-2.502085e+00,1.586582e-01,0,1.765173e-01,-3.370395e-03,3.976617e+00,1.426578e+00,1.686494e+00,-2.216758e+00,-6.441536e-02,-1.533330e+00,-5.209880e+00,-1.044140e+00,-2.687131e+00,-2.136523e+00,-1.874550e+00,-2.241959e+00,-6.122696e-02,0,1.602789e-01
5.397234e-03,-1.478605e+01,1.476076e+01,5.281716e+00,-2.681606e+00,-1.088227e+01,-1.517759e+00,-7.563454e+00,-8.639989e+00,-8.364350e+00,-6.822177e+00,-8.917075e+00,-5.015457e+00,7.827138e-02,0,3.859027e-01,-1.969562e-03,3.786620e+00,1.393848e+00,2.846293e-01,-2.807152e+00,-3.547816e-01,-1.957799e+00,-3.849117e+00,-1.928343e-01,-1.377764e+00,2.311700e-01,-2.982215e-01,-1.643937e+00,-5.584769e-02,0,1.750180e-01
4.270085e-03,-1.149305e+01,1.575960e+01,4.354243e+00,-6.141683e+00,-1.149125e+01,-3.744931e+00,-1.054951e+01,-6.504992e+00,-9.082301e+00,-3.167567e+00,-6.799142e+00,-5.765611e+00,2.991840e-02,0,6.084433e-01,-9.961455e-04,2.716290e+00,7.522357e-01,-2.013643e-01,-2.568378e+00,-4.792135e-01,-1.615898e+00,-1.910970e+00,4.546460e-01,4.021735e-01,1.528981e+00,-1.068217e-01,-8.239695e-01,-3.538834e-02,0,1.282425e-01
3.596354e-03,-9.831728e+00,1.548213e+01,4.371180e+00,-8.258269e+00,-1.233265e+01,-5.790390e+00,-1.053912e+01,-5.732010e+00,-7.704313e+00,-1.288028e+00,-7.107417e+00,-6.669159e+00,1.571472e-02,0,6.591271e-01,-5.618445e-04,1.747217e+00,9.775410e-02,3.239136e-02,-1.773662e+00,-5.497866e-01,-6.332825e-01,-3.454876e-01,4.543471e-01,1.515867e+00,1.881736e+00,-8.108494e-01,6.852303e-02,-1.517075e-02,0,6.882198e-02
3.322296e-03,-8.565900e+00,1.553503e+01,4.569770e+00,-9.787155e+00,-1.270380e+01,-4.340653e+00,-1.025034e+01,-6.269526e+00,-4.913291e+00,-4.495001e-01,-9.099545e+00,-5.795082e+00,1.299486e-02,0,6.811176e-01,-3.283891e-04,1.219993e+00,-8.590050e-02,2.913100e-01,-5.667781e-01,-2.941743e-01,-1.113971e-01,7.005224e-01,-1.914913e-01,1.795533e+00,1.925267e+00,-1.876005e+00,7.650383e-01,-4.351768e-03,0,2.175648e-02
3.061906e-03,-7.513548e+00,1.536182e+01,5.335909e+00,-9.727180e+00,-1.302492e+01,-4.386311e+00,-9.440474e+00,-6.485986e+00,-2.869520e+00,1.227470e+00,-1.182112e+01,-4.658106e+00,1.087942e-02,0,6.936755e-01,-2.171081e-04,1.051141e+00,-1.358718e-01,3.650540e-01,6.622003e-01,-1.395310e-01,6.831646e-03,1.407768e+00,-2.248631e-01,8.281647e-01,2.814198e+00,-1.820802e+00,1.118646e+00,-1.390148e-03,0,9.859562e-03
2.895364e-03,-6.552177e+00,1.539026e+01,5.328428e+00,-8.241118e+00,-1.261598e+01,-5.003956e+00,-7.596220e+00,-7.085461e+00,-2.522034e+00,5.201018e+00,-1.382231e+01,-2.945946e+00,1.057721e-02,0,6.999515e-01,-1.704113e-04,9.084848e-01,-2.003014e-01,2.882804e-01,1.642179e+00,-1.064017e-01,-5.509827e-01,2.001196e+00,-5.996740e-01,1.641295e-02,3.457111e+00,-1.280637e+00,7.588086e-01,-6.950742e-04,0,2.766126e-03
2.724280e-03,-5.582884e+00,1.487516e+01,5.817121e+00,-5.720286e+00,-1.307422e+01,-5.424580e+00,-4.827345e+00,-6.448359e+00,-4.759118e+00,9.957704e+00,-1.385004e+01,-2.500495e+00,9.972801e-03,0,6.990079e-01,-1.341100e-04,7.571983e-01,-3.494615e-01,4.508000e-01,1.997010e+00,-5.231563e-01,-1.377571e-01,2.053385e+00,-1.227865e+00,-5.513255e-01,3.322226e+00,-4.776373e-01,-5.934875e-02,1.208826e-04,0,-1.752901e-03
2.639053e-03,-4.988807e+00,1.477685e+01,5.770566e+00,-3.579707e+00,-1.321116e+01,-6.576432e+00,-2.550927e+00,-9.286710e+00,-3.886427e+00,1.247094e+01,-1.448827e+01,-3.079844e+00,9.972801e-03,0,6.922820e-01,-1.225265e-04,6.290063e-01,-8.843888e-01,6.078433e-01,2.015340e+00,-8.030097e-01,6.079854e-01,1.474962e+00,-1.777342e+00,-6.133907e-01,1.524303e+00,4.357530e-01,-7.430491e-01,1.087942e-03,0,-4.937404e-03
2.519512e-03,-4.509242e+00,1.392121e+01,7.368840e+00,-2.072835e+00,-1.534311e+01,-4.288858e+00,-1.696195e+00,-1.152469e+01,-4.943951e+00,1.420364e+01,-1.387633e+01,-4.887901e+00,1.178604e-02,0,6.887457e-01,-1.354235e-04,4.827110e-01,-1.223139e+00,6.381053e-01,1.831727e+00,-1.169821e-01,1.254475e+00,9.447473e-01,-1.816546e+00,-5.322240e-01,-7.300475e-01,1.015598e+00,-5.043160e-01,2.024781e-03,0,-9.354186e-03
2.385115e-03,-3.943967e+00,1.144529e+01,7.591785e+00,1.185616e-02,-1.549658e+01,-2.531890e+00,-1.786985e+00,-1.343400e+01,-5.496571e+00,1.069957e+01,-1.163041e+01,-5.467489e+00,1.511031e-02,0,6.803955e-01,-1.311840e-04,3.115980e-01,-1.289954e+00,2.633502e-01,1.642565e+00,1.787007e+00,5.504248e-01,1.235089e+00,-7.997949e-01,-6.567942e-01,-2.685858e+00,1.541295e+00,9.015418e-01,2.145664e-03,0,-1.507257e-02
2.174131e-03,-3.691749e+00,1.042524e+01,8.097038e+00,1.642567e+00,-1.251642e+01,-1.174474e+00,-4.855796e-01,-1.345744e+01,-6.615166e+00,7.193153e+00,-1.020099e+01,-3.828253e+00,1.752795e-02,0,6.581802e-01,-1.183086e-04,9.249663e-02,-8.546654e-01,-2.175312e-01,1.654422e+00,3.263683e+00,-1.480870e+00,2.001213e+00,1.837452e-01,-3.415637e-02,-3.699675e+00,8.034833e-01,2.193141e+00,1.239045e-03,0,-1.825174e-02
2.155823e-03,-3.839563e+00,1.007506e+01,6.723218e+00,2.775419e+00,-5.689476e+00,-5.381500e+00,3.019210e+00,-1.231931e+01,-6.334791e+00,2.546895e+00,-8.619466e+00,8.980405e-01,1.783016e-02,0,6.322019e-01,-9.520699e-05,-6.799872e-02,-4.849720e-02,-6.878840e-01,1.198641e+00,3.274266e+00,-2.699805e+00,2.210582e+00,4.267038e-01,4.368044e-01,-3.449284e+00,-9.817982e-02,2.163059e+00,-9.066183e-05,0,-1.156110e-02
2.042615e-03,-4.098960e+00,1.033300e+01,6.715467e+00,4.817496e+00,-3.928249e+00,-1.026840e+01,5.906770e+00,-1.116331e+01,-4.695623e+00,-2.183978e-01,-1.136438e+01,2.895040e+00,1.662133e-02,0,6.215839e-01,-1.035087e-04,-6.984508e-02,3.392728e-01,-9.182129e-01,1.003478e+00,1.525195e+00,-2.211841e+00,1.209144e+00,5.494289e-02,7.144853e-01,-3.285941e+00,-8.722269e-01,6.907821e-01,-6.950740e-04,0,4.714608e-04
1.974839e-03,-4.080355e+00,1.124892e+01,4.843151e+00,4.417595e+00,-3.419337e+00,-1.148395e+01,6.069748e+00,-1.244755e+01,-4.272320e+00,-2.841078e+00,-1.153961e+01,1.986159e+00,1.511031e-02,0,6.408882e-01,-1.340188e-04,2.536988e-03,6.320993e-01,-8.612955e-01,5.834307e-01,2.991249e-01,-3.043899e-02,-4.801390e-01,-7.908794e-01,5.024509e-01,-2.577997e+00,-1.206445e+00,-1.111355e+00,-6.648534e-04,0,1.009241e-02
1.747080e-03,-3.920579e+00,1.153468e+01,4.446008e+00,5.838870e+00,-6.025513e+00,-9.182454e+00,4.034870e+00,-1.311860e+01,-4.073975e+00,-6.542564e+00,-1.310205e+01,-9.184022e-01,1.541251e-02,0,6.561944e-01,-1.337747e-04,5.042219e-02,-4.938860e-02,-8.046020e-01,6.868015e-01,3.173777e-01,1.202975e+00,-1.495467e+00,-1.357747e-01,-3.121994e-01,-2.577068e+00,-3.496335e-01,-1.425009e+00,2.793968e-10,0,8.942622e-03
1.633497e-03,-3.916069e+00,1.263472e+01,3.551471e+00,5.181885e+00,-3.145220e+00,-6.076670e+00,1.554465e+00,-1.529606e+01,-4.133360e+00,-7.181004e+00,-1.378286e+01,-2.752013e+00,1.511031e-02,0,6.653587e-01,-1.024228e-04,1.425413e-01,-1.278723e+00,-8.430254e-01,8.566109e-01,4.260585e-01,8.157533e-01,-1.845126e+00,1.517222e+00,-7.412124e-01,-1.906688e+00,6.599943e-01,-3.602414e-01,5.439707e-04,0,2.542388e-03
1.544412e-03,-3.928993e+00,9.393154e+00,3.338297e+00,7.869358e+00,-2.478419e+00,-6.957170e+00,6.870757e-01,-1.041793e+01,-6.326099e+00,-1.093378e+01,-1.199092e+01,-1.860921e+00,1.662134e-02,0,6.540617e-01,-1.602101e-05,2.449876e-01,-2.250185e+00,-1.755606e+00,8.258963e-02,4.560374e-01,-3.720260e-02,-1.606685e+00,2.315652e+00,-1.091326e+00,-2.568591e-01,1.414930e+00,7.175940e-01,8.763974e-04,0,9.048939e-04
1.564058e-03,-3.363442e+00,5.926073e+00,1.181879e+00,7.685405e+00,-3.062592e+00,-8.517826e+00,-1.481986e+00,-6.211778e+00,-6.852319e+00,-1.017891e+01,-8.795197e+00,6.562118e-01,1.722575e-02,0,6.546665e-01,7.541348e-05,4.080362e-01,-2.117234e+00,-2.970125e+00,-1.021503e+00,-3.011972e-01,1.156230e-01,-1.277805e+00,1.037886e+00,-8.490971e-01,1.756158e+00,1.246600e+00,8.515270e-01,1.057721e-03,1.068871e+01,6.256419e-03
1.701694e-03,-2.971954e+00,3.638076e+00,-3.147229e+00,5.000058e+00,-3.786640e+00,-8.147889e+00,-2.480331e+00,-6.082486e+00,-8.171124e+00,-6.327905e+00,-8.521235e+00,9.654551e-01,1.873678e-02,0,6.660650e-01,1.452803e-04,4.892084e-01,-6.223183e-01,-3.900881e+00,-2.487878e+00,-6.517539e-02,1.660228e+00,-8.403360e-01,-2.196148e+00,-7.913670e-01,3.509365e+00,1.671453e-01,5.052904e-02,9.972800e-04,2.658908e+01,1.559111e-02
1.931923e-03,-2.354407e+00,4.926091e+00,-8.056393e+00,1.509020e+00,-3.997095e+00,-4.903195e+00,-3.250857e+00,-1.227435e+01,-7.456333e+00,-7.031519e-01,-9.284707e+00,9.243353e-02,1.934119e-02,5.344357e+01,6.906392e-01,1.552509e-04,4.973938e-01,7.942110e-01,-3.783683e+00,-2.825529e+00,3.269725e-01,2.925471e+00,2.673768e-01,-3.878647e+00,-1.611172e+00,2.843193e+00,-2.824639e-01,-2.562585e-01,1.027501e-03,4.238939e+01,1.910376e-02
2.086881e-03,-1.987468e+00,6.781554e+00,-1.154697e+01,-1.481841e+00,-2.337044e+00,-4.633474e-01,-2.630169e+00,-1.836738e+01,-9.980927e+00,1.875166e+00,-1.091044e+01,-1.326387e+00,2.055001e-02,1.062236e+02,7.140309e-01,9.712172e-05,5.379061e-01,1.496711e+00,-2.564067e+00,-2.920983e+00,4.435004e-01,3.276821e+00,1.235982e+00,-3.209824e+00,-2.374153e+00,1.140705e+00,-3.106018e-01,3.443026e-01,5.741917e-04,4.208942e+01,1.654583e-02
2.147719e-03,-1.368716e+00,8.325389e+00,-1.353667e+01,-3.201289e+00,-2.152528e+00,2.267260e+00,-7.018304e-02,-1.946256e+01,-1.400328e+01,-6.448337e-02,-9.012912e+00,5.208403e-01,2.145663e-02,1.588352e+02,7.262023e-01,-1.337274e-05,4.465322e-01,1.454440e+00,-5.552599e-01,-2.549699e+00,-2.309086e-02,2.229409e+00,1.797172e+00,-5.939409e-01,-2.477086e+00,-7.502285e-01,-5.055962e-01,7.465933e-01,0,1.545832e+01,7.146531e-03
2.079405e-03,-7.752693e-01,9.421981e+00,-1.322743e+01,-7.249701e+00,-2.491422e+00,4.650986e+00,2.109241e+00,-1.853750e+01,-1.676842e+01,-9.437136e-01,-1.021014e+01,2.472764e+00,2.055001e-02,1.577513e+02,7.310126e-01,-1.208384e-04,1.413097e-01,1.198144e+00,1.896154e+00,-1.287075e+00,-5.867265e-01,5.877801e-01,1.229964e+00,1.600816e+00,-1.210755e+00,-1.442467e+00,-3.940516e-01,2.722366e-01,-6.950740e-04,-1.615916e+01,-4.725265e-03
1.868798e-03,-7.278448e-01,1.087808e+01,-9.992463e+00,-8.355546e+00,-4.035360e+00,3.686682e+00,3.365298e+00,-1.515900e+01,-1.644802e+01,-3.044854e+00,-1.216284e+01,1.925825e+00,1.934119e-02,1.049713e+02,7.178810e-01,-1.874827e-04,-3.338307e-01,7.742181e-01,3.913213e+00,1.195256e+00,-5.956157e-01,-1.119652e+00,-1.618546e-01,2.399339e+00,2.657394e-01,-1.279020e+00,-9.445228e-02,-1.121114e+00,-6.648535e-04,-4.230619e+01,-1.428650e-02
1.622150e-03,-1.601355e+00,1.149593e+01,-3.838302e+00,-5.340087e+00,-4.329260e+00,1.765842e+00,1.801909e+00,-1.251509e+01,-1.481233e+01,-3.846983e+00,-1.130574e+01,-6.676956e-01,1.813237e-02,5.235974e+01,6.945652e-01,-1.856459e-04,-6.571303e-01,3.566284e-01,4.330998e+00,3.760821e+00,9.197462e-02,-1.780807e+00,-1.128043e+00,1.777237e+00,7.457827e-01,-1.251090e+00,9.575475e-01,-2.016423e+00,-6.044097e-05,-4.204740e+01,-1.781017e-02
1.438933e-03,-2.624826e+00,1.115950e+01,1.334835e+00,1.820186e+00,-4.211687e+00,-1.888427e+00,-7.257897e-01,-1.047707e+01,-1.365262e+01,-5.007948e+00,-8.937375e+00,-3.514500e+00,1.934119e-02,0,6.729935e-01,-1.356312e-04,-6.309958e-01,7.580557e-02,3.297770e+00,4.372555e+00,6.770949e-01,-1.554260e+00,-1.145297e+00,6.614896e-01,5.252576e-01,-8.837785e-01,1.083801e+00,-1.850012e+00,6.346330e-04,-2.623023e+01,-1.397769e-02
1.366108e-03,-3.112430e+00,1.106441e+01,2.763914e+00,6.466537e+00,-1.943385e+00,-1.465495e+00,-1.485429e+00,-1.199228e+01,-1.443720e+01,-6.217615e+00,-7.035135e+00,-4.889186e+00,2.024781e-02,0,6.644055e-01,-7.781326e-05,-4.649187e-01,1.496752e-01,1.644228e+00,2.766010e+00,1.215736e+00,-8.334592e-01,-1.792011e-01,-1.761167e-01,5.026091e-01,-5.693445e-01,7.225990e-02,-8.693612e-01,9.368390e-04,-1.047195e+01,-8.173967e-03
1.318663e-03,-3.127286e+00,1.147287e+01,3.195277e+00,7.603915e+00,-1.842823e+00,-2.468951e+00,-7.175177e-01,-1.211295e+01,-1.400929e+01,-6.278431e+00,-8.879136e+00,-5.213491e+00,2.145663e-02,0,6.630724e-01,-2.385238e-05,-4.158546e-01,5.637442e-01,5.033159e-01,1.240054e-01,1.110479e+00,-6.759782e-01,8.027395e-01,-8.348495e-01,9.609760e-01,3.961075e-01,-6.914233e-01,3.013600e-01,8.159559e-04,0,-4.391992e-03
1.293219e-03,-3.674719e+00,1.208762e+01,3.452617e+00,5.598099e+00,5.649893e-01,-2.111192e+00,9.017672e-01,-1.257773e+01,-1.212095e+01,-6.058464e+00,-1.097356e+01,-4.165006e+00,2.175884e-02,0,6.586559e-01,3.408620e-05,-4.264887e-01,8.759949e-01,-1.617815e-01,-1.683993e+00,7.046551e-01,-1.186041e+00,1.178598e+00,-1.325942e+00,1.630885e+00,8.362821e-01,-5.395536e-01,1.305663e+00,1.208821e-04,0,-2.065516e-03
1.356116e-03,-4.422955e+00,1.346662e+01,3.507063e+00,2.874433e+00,8.651908e-02,-4.945469e+00,2.094310e+00,-1.435859e+01,-1.000587e+01,-3.106986e+00,-1.042528e+01,-2.369791e+00,2.266546e-02,0,6.539083e-01,1.215336e-04,-1.272084e-01,6.945125e-01,-1.478760e+00,-2.788750e+00,1.597764e-01,-8.481871e-01,1.646518e+00,-2.198932e+00,1.344505e+00,1.022225e+00,4.450794e-01,1.708994e+00,-6.346330e-04,0,-6.402970e-04
1.517812e-03,-4.597039e+00,1.444751e+01,1.799114e+00,4.113160e-01,6.152187e-01,-6.157442e+00,3.001647e+00,-1.749916e+01,-8.284490e+00,-3.621926e+00,-8.959831e+00,2.172800e-01,2.024781e-02,0,6.586600e-01,2.733359e-04,4.906644e-01,-3.916854e-01,-3.605274e+00,-2.968745e+00,-2.621987e-02,3.771280e-01,1.781771e+00,-2.319842e+00,3.333284e-01,9.869917e-01,1.173151e+00,8.523731e-01,-9.066181e-04,1.056507e+01,7.147491e-03
1.814034e-03,-3.302168e+00,1.376549e+01,-3.371773e+00,-3.746443e+00,-1.069056e+00,-4.686761e+00,6.465133e+00,-2.064690e+01,-9.204999e+00,-2.385573e+00,-7.660602e+00,1.140334e+00,1.903898e-02,0,6.598689e-01,4.507102e-04,8.848106e-01,-2.018724e+00,-5.661510e+00,-2.601968e+00,1.058892e+00,2.182640e+00,1.705701e+00,-1.912519e+00,-4.819755e-01,8.001041e-01,1.273457e+00,-6.009203e-01,1.813238e-04,2.630544e+01,1.683558e-02
2.430939e-03,-1.781790e+00,9.979763e+00,-1.113433e+01,-5.935190e+00,1.011677e+00,-3.549058e-01,7.625211e+00,-2.103279e+01,-1.085474e+01,-1.484212e+00,-6.490143e+00,-1.658203e+00,1.903898e-02,5.282537e+01,6.914131e-01,6.070764e-04,7.282900e-01,-3.043280e+00,-5.988262e+00,-1.333364e+00,2.629085e+00,2.746078e+00,9.399851e-01,-1.011268e+00,-6.559744e-01,1.116064e+00,1.323132e+00,-1.964273e+00,2.750076e-03,4.197453e+01,2.511187e-02
3.153104e-03,-1.406526e+00,5.606871e+00,-1.833377e+01,-6.962153e+00,5.182753e+00,3.066464e+00,8.311031e+00,-2.215438e+01,-1.113062e+01,-1.753226e-01,-5.292838e+00,-4.436651e+00,2.417649e-02,1.051145e+02,7.217097e-01,6.589317e-04,3.059853e-02,-2.982404e+00,-4.212608e+00,1.044378e-02,4.079364e+00,1.628279e+00,-1.179923e-01,-2.606489e-01,1.662245e-02,6.977246e-01,1.177380e+00,-2.131462e+00,4.986402e-03,5.219970e+01,2.604338e-02
3.883659e-03,-1.903410e+00,3.310417e+00,-2.066120e+01,-4.647647e+00,1.063474e+01,3.696336e+00,6.778623e+00,-2.180177e+01,-1.060155e+01,8.532669e-01,-3.528053e+00,-6.815595e+00,3.142944e-02,1.573154e+02,7.532989e-01,5.769799e-04,-5.000147e-01,-1.975188e+00,-1.645836e+00,2.957242e-01,3.997245e+00,-6.814139e-02,-6.101490e-01,3.476559e-01,3.616915e-01,4.329922e-01,1.060787e+00,-1.394425e+00,5.893020e-03,5.196520e+01,1.796061e-02
4.382332e-03,-3.088366e+00,2.188139e+00,-1.967138e+01,-4.337996e+00,1.451623e+01,1.429013e+00,6.298466e+00,-2.156565e+01,-9.248483e+00,-6.568975e-02,-3.254748e+00,-6.938282e+00,3.777577e-02,2.087535e+02,7.591429e-01,4.295328e-04,-6.486409e-01,-9.762269e-01,2.299576e-02,-2.370005e-01,2.907341e+00,-1.107103e+00,-1.016400e+00,1.256031e+00,-1.222724e-01,3.346238e-01,7.790011e-01,-5.885684e-01,4.774857e-03,5.188172e+01,1.024391e-02
4.701224e-03,-3.440944e+00,1.813191e+00,-1.869470e+01,-5.768648e+00,1.633116e+01,1.231126e-01,5.580749e+00,-1.958887e+01,-9.987354e+00,6.259326e-01,-2.205251e+00,-7.379511e+00,4.170445e-02,2.608319e+02,7.624996e-01,2.069531e-04,-3.870916e-01,-1.914448e-01,4.703419e-01,-1.125871e+00,1.478578e+00,-1.057935e+00,-1.222310e+00,1.884167e+00,-8.793033e-01,1.125828e+00,1.268980e-01,2.952524e-01,2.447869e-03,4.126078e+01,3.115654e-03
4.891985e-03,-3.880963e+00,1.474349e+00,-1.920203e+01,-7.586655e+00,1.687124e+01,-6.824387e-01,3.827967e+00,-1.698067e+01,-1.204908e+01,1.611464e+00,-2.059233e+00,-7.097535e+00,4.291327e-02,3.127649e+02,7.683289e-01,-8.116239e-05,1.392512e-01,4.285935e-01,7.142366e-01,-1.208690e+00,2.643242e-01,-4.635546e-01,-1.409662e+00,2.040061e+00,-1.618259e+00,2.933445e+00,-4.619256e-01,9.727200e-01,1.813222e-04,4.776681e+00,-3.473681e-03
4.663598e-03,-3.442569e+00,2.710088e+00,-1.854416e+01,-8.652674e+00,1.685012e+01,-5.376155e-01,1.902322e+00,-1.467342e+01,-1.359777e+01,5.643831e+00,-3.491321e+00,-5.259706e+00,4.110003e-02,3.116136e+02,7.642842e-01,-4.509835e-04,6.054438e-01,1.083291e+00,1.559822e+00,-6.309544e-01,-9.001235e-01,2.795307e-01,-1.470233e+00,1.529535e+00,-1.342105e+00,4.340910e+00,-7.527137e-01,1.628273e+00,-1.903900e-03,-4.209583e+01,-1.423444e-02
3.995333e-03,-2.391297e+00,3.882658e+00,-1.617547e+01,-8.939431e+00,1.557837e+01,-5.583956e-01,1.089371e+00,-1.382307e+01,-1.553457e+01,1.209259e+01,-4.921341e+00,-3.134584e+00,3.898459e-02,2.072460e+02,7.408822e-01,-7.793959e-04,8.009436e-01,1.548889e+00,2.756634e+00,5.930427e-01,-2.248924e+00,1.344898e+00,-1.232235e+00,1.053375e+00,1.374178e-01,3.998550e+00,-1.141859e-01,1.585015e+00,-3.173165e-03,-8.340311e+01,-2.905184e-02
2.894633e-03,-1.158558e+00,6.025492e+00,-1.240888e+01,-8.247032e+00,1.247698e+01,1.458745e+00,-4.011171e-01,-1.352000e+01,-1.495514e+01,1.708992e+01,-4.537766e+00,-1.219623e+00,3.414929e-02,1.031122e+02,7.050508e-01,-8.830164e-04,3.053323e-01,1.399307e+00,3.775576e+00,2.032481e+00,-3.592453e+00,2.206472e+00,-7.590290e-01,1.194601e+00,2.051731e+00,1.643622e+00,7.151162e-01,8.962577e-01,-3.747355e-03,-8.304733e+01,-3.934675e-02
1.879488e-03,-1.018251e+00,7.561094e+00,-8.486505e+00,-4.824262e+00,7.813198e+00,5.043873e+00,-1.181487e+00,-1.229051e+01,-1.068331e+01,1.588117e+01,-2.106940e+00,-1.192500e+00,3.052282e-02,0,6.526864e-01,-7.257323e-04,-9.187633e-01,6.219789e-01,4.425129e+00,3.025527e+00,-4.098963e+00,2.330040e+00,3.351437e-01,1.847444e+00,3.612998e+00,-1.678395e+00,6.323306e-01,-2.610565e-01,-1.359927e-03,-5.176043e+01,-4.899428e-02
1.306438e-03,-2.602431e+00,7.867405e+00,-3.510764e+00,-5.478556e-01,2.770445e+00,7.693611e+00,-7.573945e-01,-9.466696e+00,-5.764747e+00,1.196765e+01,-1.322940e+00,-1.749460e+00,2.659414e-02,0,6.116483e-01,-4.217155e-04,-2.131881e+00,-6.664316e-01,4.091430e+00,2.783618e+00,-3.616773e+00,1.772426e+00,1.814335e+00,2.440099e+00,3.239751e+00,-3.234389e+00,4.738235e-03,-1.283713e+00,4.110004e-03,-2.062244e+01,-8.305065e-02
1.160769e-03,-6.263177e+00,6.071596e+00,1.501119e+00,2.338614e+00,-6.317317e-02,7.974370e+00,2.943228e+00,-6.612503e+00,-2.064775e+00,6.261747e+00,-3.367101e+00,-4.174948e+00,3.596253e-02,0,5.426120e-01,-1.672248e-04,-2.719959e+00,-1.567640e+00,2.810783e+00,1.403687e+00,-2.624223e+00,1.044735e+00,2.551840e+00,2.293386e+00,1.342469e+00,-2.498542e+00,-2.201434e-01,-1.503773e+00,9.610155e-03,0,-1.269545e-01
1.145415e-03,-9.195498e+00,3.438083e+00,3.054460e+00,2.089618e+00,-1.668701e+00,8.855625e+00,6.608202e+00,-4.158501e+00,-3.065645e+00,5.727686e+00,-3.883994e+00,-6.146965e+00,5.197945e-02,0,3.448347e-01,-4.655687e-05,-2.063621e+00,-1.560573e+00,5.014395e-01,-3.805939e-01,-1.756747e+00,6.667531e-01,2.545518e+00,2.009345e+00,-2.683849e-01,-5.802634e-01,4.863747e-01,-1.261043e+00,1.139317e-02,0,-1.308300e-01
1.123876e-03,-1.132151e+01,1.937557e+00,2.284797e+00,8.754351e-01,-3.088346e+00,9.686543e+00,7.894914e+00,-3.477677e+00,-5.320515e+00,6.508440e+00,-1.927130e+00,-6.512612e+00,6.588093e-02,0,1.513208e-01,-1.685643e-05,-5.547878e-01,-4.459870e-01,-1.198416e+00,-1.579793e+00,-1.308226e+00,-5.721569e-03,1.619697e+00,1.354016e+00,-9.741116e-01,7.408949e-01,6.903207e-01,-8.170364e-01,5.469931e-03,0,-5.899345e-02
1.092100e-03,-1.039137e+01,2.131557e+00,-1.395406e+00,-1.719236e+00,-4.500706e+00,1.017129e+01,9.494355e+00,-9.873845e-01,-5.478802e+00,8.942988e+00,3.889476e-01,-6.885841e+00,6.860079e-02,0,1.531441e-01,7.206795e-06,1.199032e+00,1.073281e+00,-1.614683e+00,-2.086855e+00,-1.146057e+00,-1.132287e+00,3.997009e-01,6.852597e-01,-7.495315e-01,3.039885e-03,3.113804e-02,-3.260577e-01,-3.505591e-03,0,6.378236e-02
1.103144e-03,-8.439181e+00,4.494924e+00,-2.266027e+00,-3.655926e+00,-5.188300e+00,7.287930e+00,9.598638e+00,-1.427982e+00,-5.728755e+00,8.358571e+00,-2.051969e+00,-7.890692e+00,5.500151e-02,0,3.434900e-01,9.077186e-05,2.636989e+00,1.934651e+00,-1.403201e+00,-2.245078e+00,-8.817331e-01,-2.152760e+00,-1.174645e+00,-3.333558e-01,-1.281569e+00,-1.622303e+00,-8.415192e-01,9.624680e-01,-1.121185e-02,1.207500e+01,1.433650e-01
1.191815e-03,-4.641501e+00,7.525805e+00,-2.743544e+00,-6.078976e+00,-6.349009e+00,4.393499e+00,7.754844e+00,-1.757049e+00,-6.609183e+00,4.817820e+00,-3.665885e+00,-7.088213e+00,3.989121e-02,0,5.676619e-01,2.443063e-04,3.011071e+00,1.644346e+00,-1.268895e+00,-2.330496e+00,-5.908204e-01,-2.823661e+00,-2.579499e+00,-2.124603e+00,-2.627465e+00,-1.993708e+00,-5.265800e-01,2.475514e+00,-1.311575e-02,3.039713e+01,1.459248e-01
1.527878e-03,-1.011499e+00,8.913687e+00,-4.057141e+00,-8.170083e+00,-6.572861e+00,1.811641e+00,2.891444e+00,-4.759623e+00,-1.116317e+01,4.595109e-01,-4.107309e+00,-1.599086e+00,2.417649e-02,6.037498e+01,6.608869e-01,4.545458e-04,2.426135e+00,3.697731e-01,-2.264168e+00,-2.072979e+00,2.300577e-01,-3.254173e+00,-3.267205e+00,-3.428512e+00,-2.741063e+00,7.134397e-02,-3.004364e-01,3.030545e+00,-9.700816e-03,4.900940e+01,9.756780e-02
2.101265e-03,9.501481e-01,8.143907e+00,-6.844322e+00,-1.111464e+01,-6.762527e+00,-1.208874e+00,-4.954546e-02,-9.944580e+00,-1.589892e+01,2.923977e+00,-1.216282e+00,2.345926e+00,1.843457e-02,1.217981e+02,7.240695e-01,6.263489e-04,9.297119e-01,-9.115614e-01,-2.724024e+00,-1.077664e+00,8.728579e-01,-4.376400e+00,-3.104320e+00,-3.740368e+00,-1.266220e+00,3.113814e+00,-1.444206e+00,1.828379e+00,-5.288607e-03,4.951821e+01,4.791811e-02
2.921148e-03,8.956680e-01,6.034739e+00,-1.153648e+01,-1.150299e+01,-3.831252e+00,-6.181751e+00,-2.835193e+00,-1.447678e+01,-1.478920e+01,9.662212e+00,-4.778952e+00,2.544966e+00,1.722575e-02,1.841479e+02,7.531252e-01,6.576896e-04,-4.643250e-01,-1.550747e+00,-2.039769e+00,4.276066e-01,8.087222e-01,-5.553229e+00,-2.149526e+00,-1.871220e+00,1.432196e+00,4.009486e+00,-3.041400e+00,3.441525e-02,-1.480810e-03,3.153326e+01,2.368687e-02
3.626925e-03,-9.465259e-01,4.407472e+00,-1.262399e+01,-9.800844e+00,-3.355523e+00,-1.349181e+01,-4.903435e+00,-1.560031e+01,-1.112727e+01,1.578554e+01,-1.055109e+01,-1.834444e-02,1.692354e-02,1.857046e+02,7.611334e-01,5.266662e-04,-1.263266e+00,-1.540739e+00,-9.074278e-02,1.453841e+00,-1.539315e-01,-5.624943e+00,-8.993427e-01,1.008940e+00,2.767119e+00,1.554776e+00,-3.401990e+00,-6.620585e-01,-3.022067e-05,1.304147e+01,8.029652e-03
4.053496e-03,-2.384787e+00,3.028172e+00,-1.136615e+01,-6.688947e+00,-4.232751e+00,-1.981304e+01,-5.429244e+00,-1.128786e+01,-6.388016e+00,1.407616e+01,-1.464691e+01,-2.448747e-01,1.752795e-02,1.860881e+02,7.607894e-01,3.081161e-04,-1.352914e+00,-1.229411e+00,2.208693e+00,1.173390e+00,-1.617085e+00,-4.013027e+00,3.678561e-01,2.873634e+00,1.687091e+00,-1.750927e+00,-1.263643e+00,-3.141553e-01,3.022062e-04,6.514923e-01,5.382419e-04
4.168421e-03,-3.725957e+00,1.943495e+00,-7.383200e+00,-6.252453e+00,-7.331435e+00,-2.251794e+01,-3.249233e+00,-6.494338e+00,-6.263916e+00,8.490882e+00,-1.329225e+01,4.305540e-01,1.813237e-02,1.860354e+02,7.603857e-01,1.170688e-04,-1.023332e+00,-8.762304e-01,3.422773e+00,1.678493e-01,-2.493799e+00,-1.229350e+00,7.981786e-01,2.693561e+00,-3.488781e-01,-3.759433e+00,1.095822e+00,3.132465e-01,2.417652e-04,7.969421e-01,-2.285343e-03
4.190980e-03,-4.479185e+00,1.119674e+00,-3.113410e+00,-7.410234e+00,-9.928723e+00,-2.173382e+01,-1.823014e+00,-4.661592e+00,-8.785419e+00,4.554906e+00,-9.726584e+00,7.497399e-01,1.813237e-02,1.872400e+02,7.561902e-01,-1.033328e-04,-3.929224e-01,-3.673148e-01,3.810676e+00,-1.546763e-01,-2.472207e+00,1.451855e+00,6.444513e-01,1.178039e+00,-2.067886e+00,-3.494469e+00,2.548104e+00,3.129061e-01,-3.324268e-04,-1.154659e+01,-6.949711e-03
4.143527e-03,-5.015988e+00,9.805691e-01,3.635011e-01,-8.600954e+00,-1.297653e+01,-1.867817e+01,-2.715657e+00,-5.445639e+00,-1.167296e+01,1.749002e+00,-7.532143e+00,1.050581e+00,1.783016e-02,1.891133e+02,7.520062e-01,-3.632585e-04,3.279813e-01,4.161964e-01,3.223041e+00,8.517788e-01,-1.213160e+00,2.841212e+00,1.592149e-01,3.144582e-01,-1.354479e+00,-2.532492e+00,2.092160e+00,-6.129959e-01,-1.118163e-03,-3.051346e+01,-1.210369e-02
3.549280e-03,-3.704384e+00,1.673061e+00,3.813879e+00,-6.288078e+00,-1.377124e+01,-1.447365e+01,-2.473775e+00,-5.922010e+00,-1.402293e+01,-2.524543e-02,-4.786444e+00,1.009642e+00,1.601692e-02,1.268162e+02,7.302306e-01,-6.173022e-04,9.164608e-01,1.247318e+00,2.160661e+00,2.375756e+00,3.475986e-01,3.013067e+00,2.691658e-01,8.409557e-01,6.780624e-01,-1.453103e+00,7.837129e-01,-1.746607e+00,-1.934119e-03,-4.999133e+01,-1.481206e-02
2.672979e-03,-2.473451e+00,3.747784e+00,5.268363e+00,-2.554637e+00,-1.147598e+01,-1.194197e+01,-2.127779e+00,-4.291838e+00,-1.041755e+01,-1.881500e+00,-5.301523e+00,-2.764377e+00,1.359927e-02,6.367999e+01,7.128471e-01,-6.963715e-04,8.932528e-01,1.608441e+00,1.003355e+00,3.009333e+00,1.542965e+00,2.608530e+00,5.859669e-01,1.524570e+00,2.840073e+00,-3.890487e-01,-7.512869e-01,-2.488785e+00,-2.175884e-03,-5.050428e+01,-1.383418e-02
1.839743e-03,-1.168149e+00,5.972655e+00,5.237463e+00,1.445388e+00,-8.941007e+00,-1.003658e+01,-7.711241e-01,-1.033714e+00,-6.022808e+00,-8.953570e-01,-6.923330e+00,-6.075816e+00,1.057721e-02,0,7.017095e-01,-5.135185e-04,3.018819e-01,1.034362e+00,2.431717e-01,2.528978e+00,1.208982e+00,2.126627e+00,2.932017e-01,7.650789e-01,3.610324e+00,7.066515e-01,-1.591403e+00,-1.854230e+00,-1.601692e-03,-3.173123e+01,-1.131730e-02
1.516438e-03,-1.817841e+00,6.872978e+00,4.668486e+00,2.578975e+00,-7.676823e+00,-7.854053e+00,-6.371487e-01,-2.669395e-01,-1.472652e+00,2.388144e-01,-1.022013e+01,-7.850615e+00,9.670596e-03,0,6.970959e-01,-2.235009e-04,-3.489060e-01,1.514118e-01,1.669131e-01,1.252635e+00,9.622879e-02,1.236645e+00,-5.741069e-01,-4.083248e-01,2.496465e+00,7.458084e-01,-1.107453e+00,1.353099e-01,-3.626472e-04,4.145287e-01,-8.316916e-03
1.559958e-03,-2.522779e+00,5.282274e+00,5.329676e+00,3.790007e+00,-9.625903e+00,-5.884473e+00,-1.753081e+00,-4.109065e+00,-4.437581e-01,2.447855e+00,-1.028415e+01,-5.718388e+00,9.972801e-03,0,6.815197e-01,3.603382e-05,-7.860966e-01,-2.485718e-01,3.034549e-02,7.073601e-02,-6.219016e-01,-8.253805e-01,-1.664286e+00,-9.266106e-01,5.879222e-01,-9.143163e-02,-1.851127e-01,1.985120e+00,9.066181e-04,3.305394e+01,-2.884626e-03
1.695367e-03,-3.540666e+00,4.850033e+00,6.056822e+00,2.536231e+00,-1.065239e+01,-7.834797e+00,-4.507334e+00,-4.795786e+00,-7.247540e-01,1.759357e-01,-9.158374e+00,-2.266541e+00,1.208824e-02,6.575263e+01,6.813574e-01,1.489227e-04,-7.740480e-01,2.010023e-01,-2.971749e-01,-1.065994e+00,-4.440827e-01,-3.203381e+00,-2.039502e+00,-2.231911e-01,-1.310840e+00,-1.048749e+00,3.736969e-01,2.901589e+00,1.964340e-03,5.291005e+01,5.780441e-03
1.930447e-03,-4.237219e+00,5.741268e+00,4.695023e+00,1.820441e+00,-1.056273e+01,-1.417311e+01,-7.157464e+00,-3.402344e+00,-3.457146e+00,-1.321076e+00,-8.379773e+00,1.057750e+00,1.390148e-02,1.323934e+02,6.951556e-01,1.563442e-04,-7.082397e-01,1.034826e+00,-5.250479e-01,-2.023620e+00,5.028316e-01,-4.145208e+00,-1.752893e+00,3.058189e-01,-2.345315e+00,-9.508744e-01,-9.701653e-02,2.515961e+00,2.417649e-03,5.281030e+01,1.122372e-02
2.075806e-03,-4.830861e+00,7.648492e+00,3.499938e+00,-1.766213e+00,-9.428822e+00,-1.972664e+01,-8.132468e+00,-1.736255e+00,-6.520159e+00,-3.120465e+00,-9.303840e+00,3.269261e+00,1.752795e-02,1.983536e+02,7.191801e-01,1.051538e-04,-5.877460e-01,1.302171e+00,-3.964071e-01,-2.276345e+00,9.484671e-01,-2.640266e+00,-1.132255e+00,-6.067019e-01,-2.510355e+00,9.479523e-02,-5.794279e-01,1.619572e+00,2.115443e-03,3.253612e+01,8.961564e-03
2.151459e-03,-5.418880e+00,9.057172e+00,3.982878e+00,-4.176872e+00,-7.723528e+00,-2.066459e+01,-8.704980e+00,-4.109736e+00,-9.272629e+00,-6.583169e-01,-1.069650e+01,4.093515e+00,1.934119e-02,1.977510e+02,7.187269e-01,3.811559e-05,-4.362617e-01,1.206144e+00,6.298520e-02,-2.055834e+00,1.014558e+00,-1.391251e-01,-5.997543e-01,-1.514337e+00,-2.236860e+00,1.125270e+00,-2.568635e-01,1.071876e+00,1.269266e-03,1.224813e+01,1.932180e-03
2.110630e-03,-5.888566e+00,9.702938e+00,4.430859e+00,-5.846840e+00,-7.329653e+00,-1.779039e+01,-9.394852e+00,-7.475600e+00,-1.036879e+01,3.185324e-01,-1.089715e+01,4.313438e+00,1.994560e-02,1.957544e+02,7.143795e-01,1.363782e-05,-2.930151e-01,7.656747e-01,2.064052e-01,-1.428021e+00,8.055941e-01,1.416843e+00,-5.299527e-01,-1.620929e+00,-1.622482e+00,1.209833e+00,3.193644e-01,1.273623e+00,2.115440e-04,-1.048242e+00,-4.078793e-03
2.103613e-03,-5.889675e+00,1.074476e+01,4.544489e+00,-6.418417e+00,-6.539528e+00,-1.583686e+01,-9.525043e+00,-8.104359e+00,-1.271713e+01,2.585776e+00,-8.867436e+00,5.895041e+00,1.903898e-02,1.949336e+02,7.072168e-01,2.230233e-05,-1.547718e-01,4.222321e-01,-2.715344e-02,-1.399010e+00,5.078861e-01,1.381250e+00,-5.278532e-01,-4.615423e-01,-8.893388e-01,4.715849e-01,6.280519e-01,1.688426e+00,1.208821e-04,-8.398712e-01,-4.082286e-03
2.167919e-03,-6.060539e+00,1.063307e+01,4.251159e+00,-7.785543e+00,-5.992851e+00,-1.505629e+01,-1.037220e+01,-7.843591e+00,-1.291032e+01,1.306656e+00,-8.621552e+00,8.736613e+00,1.873678e-02,1.945211e+02,7.045412e-01,9.293582e-05,-2.188528e-01,-4.299631e-02,-6.811104e-01,-1.590194e+00,3.909974e-01,8.548948e-01,-2.734806e-01,7.728670e-01,5.215496e-01,-4.299556e-01,2.150321e-01,1.599700e+00,8.763980e-04,-3.747330e-01,-4.021078e-03
2.234327e-03,-6.106753e+00,1.070327e+01,3.936961e+00,-1.020257e+01,-5.852499e+00,-1.512539e+01,-1.085557e+01,-6.233452e+00,-1.244856e+01,1.205546e+00,-8.694042e+00,1.032406e+01,2.055001e-02,1.941683e+02,7.032347e-01,3.742919e-04,-3.121136e-01,-8.470746e-01,-2.370029e+00,-1.493365e+00,2.882725e-01,3.654482e-01,9.714876e-01,1.995430e+00,1.975685e+00,-7.128276e-01,-8.053406e-01,1.005572e+00,2.598973e-03,-1.454056e-01,-1.450062e-03
2.509953e-03,-6.874291e+00,9.508705e+00,1.329071e+00,-1.190573e+01,-5.718181e+00,-1.387165e+01,-1.009699e+01,-4.546718e+00,-7.895325e+00,-1.141131e+00,-9.908685e+00,1.009743e+01,2.357208e-02,1.942634e+02,6.962652e-01,8.752720e-04,-4.286412e-01,-1.672960e+00,-4.649823e+00,-7.669493e-01,5.254016e-01,7.059707e-02,3.091382e+00,3.102835e+00,2.699016e+00,-3.210359e-01,-1.807552e+00,3.916386e-01,4.291327e-03,-1.113846e-01,3.141504e-03
3.804056e-03,-7.043367e+00,7.071573e+00,-5.844614e+00,-1.182515e+01,-5.235501e+00,-1.460194e+01,-4.805210e+00,2.243551e-01,-5.346199e+00,2.455309e-01,-1.225057e+01,1.024249e+01,2.961620e-02,1.943354e+02,7.041045e-01,1.367291e-03,-5.344798e-01,-2.296173e+00,-6.609280e+00,3.863412e-01,1.201862e+00,-2.158482e-01,4.834181e+00,3.584900e+00,1.908120e+00,-4.348461e-01,-2.293058e+00,1.457109e-01,5.137504e-03,-6.224090e-01,1.061045e-02
5.759414e-03,-7.735438e+00,4.084117e+00,-1.410717e+01,-1.080900e+01,-3.674342e+00,-1.496503e+01,2.059529e+00,4.441679e+00,-2.966418e+00,1.814836e-01,-1.588104e+01,1.073559e+01,3.566032e-02,1.938806e+02,7.198138e-01,1.525012e-03,-5.952883e-01,-2.214723e+00,-6.828055e+00,1.182827e+00,1.606726e+00,-4.421272e-02,5.239784e+00,2.514882e+00,9.137301e-02,-6.500720e-01,-1.843258e+00,-2.482478e-01,4.563312e-03,-1.536237e+00,1.598417e-02
7.446049e-03,-8.348578e+00,1.934697e+00,-2.139132e+01,-8.819228e+00,-8.651094e-01,-1.565794e+01,7.237072e+00,7.196852e+00,-5.372409e+00,-1.629992e+00,-1.717315e+01,1.073353e+01,4.019341e-02,1.912477e+02,7.445126e-01,1.217776e-03,-6.599392e-01,-1.607385e+00,-5.295102e+00,1.315882e+00,1.606416e+00,5.643578e-01,3.798563e+00,5.468977e-01,-1.437485e+00,-1.391619e+00,-7.005278e-01,-8.158326e-01,2.901178e-03,-2.432747e+00,1.452426e-02
8.314014e-03,-9.198127e+00,1.003526e+00,-2.503786e+01,-7.494556e+00,1.302534e-01,-1.356471e+01,1.008079e+01,4.541443e+00,-7.425354e+00,-3.453730e+00,-1.666368e+01,8.610672e+00,4.110003e-02,1.881261e+02,7.559820e-01,7.466325e-04,-5.279212e-01,-9.742808e-01,-3.126352e+00,9.306524e-01,7.497419e-01,9.913461e-01,2.107118e+00,-9.538532e-01,-2.009173e+00,-1.128764e+00,1.004456e-01,-1.017596e+00,1.148383e-03,-2.938185e+00,9.213919e-03
8.615637e-03,-9.611718e+00,5.749441e-01,-2.685478e+01,-6.902956e+00,8.942843e-01,-1.248031e+01,1.017698e+01,2.908961e+00,-1.030416e+01,-4.894958e+00,-1.536189e+01,7.225786e+00,4.140224e-02,1.850490e+02,7.586417e-01,4.208094e-04,-3.554182e-01,-5.428395e-01,-1.296376e+00,5.449138e-01,-7.303862e-02,8.756744e-01,1.028435e+00,-1.085730e+00,-1.175265e+00,-5.897394e-01,3.713575e-01,-6.588341e-01,-3.324263e-04,-2.909232e+00,2.399987e-03
8.907783e-03,-9.743474e+00,-1.074103e-01,-2.700720e+01,-7.113875e+00,-8.053293e-01,-1.159711e+01,1.112516e+01,1.816358e+00,-1.054641e+01,-3.829854e+00,-1.628444e+01,7.401483e+00,4.079783e-02,1.822890e+02,7.588189e-01,2.800885e-04,-1.800690e-01,-3.006263e-01,-3.147715e-01,4.935037e-01,-6.643571e-01,1.246040e-01,8.928291e-01,-4.041093e-01,-3.356095e-01,1.077671e-01,3.628842e-01,-9.871588e-02,-1.359927e-03,-2.773891e+00,-1.887661e-03
9.253212e-03,-9.852996e+00,-2.240324e-01,-2.688853e+01,-6.285000e+00,-7.625112e-01,-1.226337e+01,1.185706e+01,3.130746e+00,-9.688208e+00,-4.390626e+00,-1.550598e+01,8.043957e+00,3.868238e-02,1.796200e+02,7.550941e-01,1.913061e-04,-1.148536e-01,-2.237764e-02,1.947084e-01,7.811447e-01,-1.212608e+00,-4.846507e-01,1.256736e+00,-3.346144e-02,4.243091e-01,3.468026e-01,7.970530e-01,1.816355e-01,-1.662133e-03,-2.666542e+00,-4.791939e-03
9.395669e-03,-9.977833e+00,-1.001175e-01,-2.659484e+01,-5.336016e+00,-2.363134e+00,-1.305016e+01,1.370489e+01,2.410004e+00,-9.411377e+00,-3.167060e+00,-1.477722e+01,7.708007e+00,3.566032e-02,1.769711e+02,7.483175e-01,-1.055729e-05,-1.379711e-01,2.766708e-01,5.744461e-01,9.028443e-01,-1.589390e+00,-8.970168e-01,1.158551e+00,1.250644e-01,2.925606e-01,4.334912e-01,1.686053e+00,-4.348278e-03,3.022060e-04,-2.526865e+00,-8.173823e-03
9.328225e-03,-1.006881e+01,4.594096e-01,-2.608742e+01,-3.886162e+00,-4.389853e+00,-1.417704e+01,1.517079e+01,2.444831e+00,-8.750128e+00,-3.492342e+00,-1.213024e+01,7.980701e+00,3.566032e-02,1.743752e+02,7.399327e-01,-2.179700e-04,-1.349609e-01,5.300268e-01,1.205459e+00,6.345934e-01,-1.969946e+00,-9.633560e-01,7.728208e-01,2.842562e-02,2.042777e-01,8.430498e-01,2.304824e+00,-1.481811e-01,4.140223e-03,-2.332948e+00,-1.080562e-02
8.817490e-03,-1.032542e+01,9.342228e-01,-2.453552e+01,-3.799072e+00,-6.938610e+00,-1.512536e+01,1.526105e+01,2.784637e+00,-9.552646e+00,-2.111541e+00,-9.542052e+00,7.411369e+00,4.381989e-02,1.722771e+02,7.255304e-01,-3.038103e-04,-1.633902e-01,7.417583e-01,1.854156e+00,1.181982e-01,-1.643526e+00,-9.485572e-01,-2.218931e-01,2.502031e-02,-7.756329e-03,1.044610e+00,2.649657e+00,-1.541229e-01,7.283167e-03,-1.319019e+01,-1.474425e-02
8.452452e-03,-1.035400e+01,1.908931e+00,-2.189089e+01,-3.880505e+00,-8.324502e+00,-1.604255e+01,1.494308e+01,3.085557e+00,-8.596185e+00,-7.031372e-01,-6.599443e+00,7.451370e+00,5.530372e-02,1.703022e+02,7.124595e-01,-2.507695e-04,-1.787391e-01,9.201268e-01,2.256960e+00,-4.298172e-01,-1.347577e+00,-6.917748e-01,-1.062758e+00,-3.342388e-01,-1.678931e-01,1.129982e+00,2.096175e+00,-6.708407e-02,6.376548e-03,-2.956996e+01,-1.662436e-02
8.314504e-03,-1.065218e+01,2.883913e+00,-1.942233e+01,-4.747854e+00,-8.613441e+00,-1.686020e+01,1.270928e+01,2.214743e+00,-9.527130e+00,6.613879e-01,-4.294330e+00,7.202058e+00,6.225446e-02,1.130566e+02,6.883329e-01,-1.377327e-04,-2.387523e-01,1.009333e+00,2.318751e+00,-7.700311e-01,-1.158725e+00,-2.337299e-01,-1.446650e+00,-8.269304e-01,-7.464619e-02,6.457260e-01,1.136956e+00,1.026052e-01,9.670600e-04,-4.587208e+01,-1.784623e-02
8.325870e-03,-1.079912e+01,4.085198e+00,-1.735922e+01,-5.560857e+00,-1.029032e+01,-1.676850e+01,1.113289e+01,1.058584e+00,-9.602351e+00,7.711056e-01,-4.273230e+00,7.749937e+00,5.832578e-02,5.613570e+01,6.754097e-01,-1.119021e-04,-2.111024e-01,9.937403e-01,2.182494e+00,-8.201353e-01,-1.259306e+00,2.738151e-01,-1.395828e+00,-1.053535e+00,4.894457e-02,5.109141e-01,-3.749733e-02,3.890943e-03,-4.291327e-03,-4.536611e+01,-1.577004e-02
8.192117e-03,-1.129663e+01,4.892753e+00,-1.520760e+01,-6.809052e+00,-1.174932e+01,-1.593104e+01,9.932899e+00,-3.365282e-01,-9.422793e+00,3.799678e-01,-5.020377e+00,7.775112e+00,4.714416e-02,0,6.548242e-01,-1.031319e-04,-7.117863e-02,1.003949e+00,2.147543e+00,-5.484864e-01,-1.223526e+00,8.610634e-01,-7.175319e-01,-1.179715e+00,3.631924e-01,9.106761e-01,-7.807996e-01,-8.435678e-02,-5.983681e-03,-2.822489e+01,-1.354125e-02
7.954135e-03,-1.108730e+01,5.873213e+00,-1.308578e+01,-6.950582e+00,-1.305309e+01,-1.513805e+01,9.352136e+00,-9.064841e-01,-8.403630e+00,1.992143e+00,-6.423906e+00,7.184298e+00,4.140224e-02,0,6.503636e-01,-9.669131e-05,1.225218e-01,9.374626e-01,1.869779e+00,-1.299171e-01,-9.218912e-01,7.692215e-01,-7.759714e-02,-1.097172e+00,2.748432e-02,1.586127e+00,-5.766664e-01,-2.268010e-01,-3.233606e-03,-1.122714e+01,-1.088835e-02
7.984713e-03,-1.086399e+01,7.009653e+00,-1.082133e+01,-6.795423e+00,-1.334969e+01,-1.337010e+01,1.001200e+01,-2.701301e+00,-8.310529e+00,4.604249e+00,-7.122990e+00,7.063094e+00,4.079783e-02,0,6.331497e-01,1.614355e-05,2.461160e-01,8.521112e-01,1.300478e+00,3.455915e-02,-8.649706e-01,4.057363e-01,1.790142e-01,-1.031810e+00,-6.384193e-01,1.856794e+00,-5.022754e-01,1.218416e-01,2.115447e-04,0,-5.074918e-03
7.946116e-03,-1.040283e+01,7.714061e+00,-1.020346e+01,-6.217257e+00,-1.409960e+01,-1.420286e+01,1.070535e+01,-3.244892e+00,-1.002106e+01,6.589598e+00,-6.105255e+00,6.971941e+00,4.533092e-02,0,6.318052e-01,5.337279e-05,1.765415e-01,5.404027e-01,6.906493e-01,-8.419184e-02,-9.812112e-01,-2.971476e-01,-1.710920e-02,-1.128007e+00,-1.134264e+00,1.510751e+00,-5.704895e-01,4.255787e-01,1.390149e-03,0,3.167415e-03
8.276844e-03,-1.040828e+01,8.232884e+00,-1.014637e+01,-7.002918e+00,-1.555092e+01,-1.436995e+01,1.015136e+01,-4.326375e+00,-1.180617e+01,7.365208e+00,-7.691080e+00,8.490499e+00,4.623754e-02,0,6.387288e-01,4.463661e-05,6.694098e-02,2.334284e-01,3.847165e-01,-3.775359e-01,-1.185344e+00,-5.648278e-01,-5.427456e-01,-1.142393e+00,-8.025931e-01,9.152309e-01,-1.050911e+00,7.385429e-01,5.137500e-04,0,1.129809e-02
8.074933e-03,-1.043244e+01,7.963610e+00,-9.970013e+00,-7.267794e+00,-1.685853e+01,-1.612387e+01,9.196908e+00,-5.733981e+00,-1.232713e+01,8.165421e+00,-8.992309e+00,8.598489e+00,4.563312e-02,0,6.634111e-01,-1.136957e-04,2.289782e-02,-7.091522e-04,5.838702e-01,-5.549785e-01,-1.114600e+00,-2.349107e-01,-6.530994e-01,-1.403849e+00,9.257984e-02,4.818402e-01,-1.048158e+00,4.407982e-01,-1.450589e-03,0,1.236513e-02
8.143487e-03,-1.051448e+01,8.052020e+00,-9.014472e+00,-8.157834e+00,-1.789694e+01,-1.523374e+01,8.052493e+00,-7.168720e+00,-1.117046e+01,8.392492e+00,-1.093402e+01,9.942534e+00,4.321547e-02,0,6.738372e-01,-2.711217e-04,9.565153e-02,-9.042768e-02,6.878022e-01,-4.326252e-01,-7.477907e-01,1.024569e-01,-5.675862e-01,-1.328444e+00,8.612522e-01,3.193986e-01,-3.395285e-01,-6.033230e-02,-1.873678e-03,0,6.229586e-03
7.444316e-03,-1.023524e+01,7.800948e+00,-7.850061e+00,-8.414692e+00,-1.849959e+01,-1.494552e+01,8.489291e+00,-8.842965e+00,-9.876019e+00,8.485157e+00,-9.724579e+00,8.449914e+00,3.958900e-02,0,6.760767e-01,-2.461668e-04,1.828690e-01,-5.811357e-03,4.511217e-01,-2.080925e-01,-4.209080e-01,3.821616e-01,-3.877468e-01,-1.003217e+00,1.021111e+00,5.049914e-01,1.582383e-01,-3.967066e-01,-1.420368e-03,0,2.769589e-04
7.236545e-03,-1.002862e+01,7.862077e+00,-7.767338e+00,-8.592595e+00,-1.846935e+01,-1.444684e+01,7.667239e+00,-9.414102e+00,-8.725468e+00,8.802333e+00,-9.022587e+00,8.263124e+00,3.989121e-02,0,6.635439e-01,-1.648743e-04,2.063723e-01,4.640431e-02,1.413555e-02,1.626695e-01,-2.715326e-01,7.941637e-02,-1.693705e-01,-5.175393e-01,7.379610e-01,9.274302e-01,4.458939e-01,-5.850860e-01,-4.230883e-04,0,-2.421904e-03
7.297570e-03,-9.761027e+00,8.029525e+00,-8.337971e+00,-8.090876e+00,-1.867686e+01,-1.460651e+01,7.450801e+00,-9.627377e+00,-8.444070e+00,1.048546e+01,-9.156832e+00,7.454661e+00,4.019341e-02,0,6.699426e-01,-6.798562e-06,1.701565e-01,1.788447e-01,-2.618897e-01,2.734872e-01,-2.866505e-01,-8.247481e-02,1.350911e-01,-2.304304e-01,5.504109e-01,1.180444e+00,2.305393e-01,-4.002985e-01,-7.555157e-04,0,-1.954597e-03
7.392489e-03,-9.719726e+00,8.169753e+00,-8.699840e+00,-7.506395e+00,-1.916597e+01,-1.500616e+01,7.724885e+00,-9.364211e+00,-8.196630e+00,1.202949e+01,-8.988420e+00,7.514731e+00,4.079783e-02,0,6.647947e-01,-8.974042e-05,1.671792e-01,2.023835e-01,-1.685680e-01,1.998548e-01,-1.646364e-01,-7.407532e-02,3.665105e-01,-5.058888e-01,8.528578e-01,1.026422e+00,2.518462e-01,-3.818487e-01,-2.417649e-03,0,-1.415396e-03
7.332351e-03,-9.538908e+00,8.541333e+00,-8.693259e+00,-7.590356e+00,-1.958453e+01,-1.507823e+01,9.135923e+00,-1.002006e+01,-7.388383e+00,1.277380e+01,-8.588965e+00,6.822618e+00,3.535812e-02,0,6.656783e-01,-1.644610e-04,1.808025e-01,2.242315e-01,-1.505171e-01,1.326540e-01,1.286518e-01,-2.385426e-03,2.055334e-01,-7.459553e-01,1.199430e+00,5.755903e-01,2.667635e-01,-2.122708e-01,-3.475370e-03,0,-6.287694e-04
6.770452e-03,-9.303786e+00,8.618091e+00,-8.432534e+00,-7.843581e+00,-1.883870e+01,-1.458135e+01,8.657230e+00,-1.174720e+01,-4.989022e+00,1.279027e+01,-8.047289e+00,6.669902e+00,3.022061e-02,0,6.585991e-01,-1.435876e-04,1.798179e-01,1.896419e-01,-1.831849e-01,2.170008e-01,3.001148e-01,1.038593e-01,-2.837981e-01,-6.283976e-01,1.151068e+00,9.908400e-02,2.036034e-01,1.362803e-01,-2.478090e-03,0,3.938294e-03
6.786284e-03,-9.064984e+00,8.926514e+00,-9.224209e+00,-7.259013e+00,-1.819724e+01,-1.483084e+01,8.012296e+00,-1.216566e+01,-4.050724e+00,1.298302e+01,-8.293580e+00,6.815721e+00,2.810517e-02,0,6.698965e-01,-6.806166e-05,1.272887e-01,4.769802e-02,-1.270836e-01,3.975047e-01,1.357758e-01,2.912903e-03,-6.228086e-01,8.664856e-02,5.173171e-01,-3.562782e-01,2.600975e-01,3.586576e-01,4.230885e-04,0,6.758982e-03
6.947584e-03,-9.057598e+00,8.925372e+00,-9.350289e+00,-6.587063e+00,-1.835904e+01,-1.461057e+01,6.867709e+00,-1.143340e+01,-4.110121e+00,1.242030e+01,-8.118096e+00,8.199581e+00,3.203385e-02,0,6.823771e-01,-2.865791e-05,6.838026e-02,-1.651464e-01,1.861903e-01,3.830420e-01,-2.117397e-01,8.958874e-02,-4.791414e-01,7.281775e-01,-2.429660e-01,-7.179000e-01,2.940756e-01,2.525863e-01,2.598972e-03,0,5.908668e-03
6.903477e-03,-9.025558e+00,8.626183e+00,-8.869800e+00,-6.231092e+00,-1.914548e+01,-1.504906e+01,6.916641e+00,-9.743720e+00,-5.241249e+00,1.117739e+01,-7.253074e+00,7.851067e+00,3.656694e-02,0,6.875842e-01,-1.602564e-04,5.020656e-02,-3.883445e-01,5.491718e-01,1.380650e-01,-2.600327e-01,2.980175e-01,-3.605310e-01,8.196603e-01,-4.897643e-01,-9.483732e-01,2.659529e-01,-2.087042e-01,2.931399e-03,0,-6.113946e-04
6.568566e-03,-8.981598e+00,7.942524e+00,-7.678787e+00,-6.442331e+00,-1.942328e+01,-1.402430e+01,6.809350e+00,-9.317284e+00,-5.608589e+00,1.010359e+01,-7.097164e+00,7.415161e+00,3.898459e-02,0,6.792986e-01,-2.060127e-04,-1.612663e-03,-3.841952e-01,5.432161e-01,-1.085577e-02,-1.031506e-01,4.861067e-01,-3.679969e-01,4.568684e-01,-3.708160e-01,-7.559573e-01,-1.646960e-01,-6.452503e-01,2.266546e-03,0,-6.574482e-03
6.174511e-03,-8.851952e+00,7.476215e+00,-7.314101e+00,-6.641054e+00,-1.896528e+01,-1.363389e+01,6.238820e+00,-9.125415e+00,-5.750311e+00,9.399510e+00,-7.474282e+00,6.164410e+00,3.928680e-02,0,6.683788e-01,-1.043503e-04,-1.233130e-01,-1.529715e-01,3.197044e-01,-8.817597e-02,7.041397e-02,5.060785e-01,-4.056429e-01,4.983044e-03,-1.647946e-01,-3.830944e-01,-6.391113e-01,-5.196473e-01,2.357208e-03,0,-9.442437e-03
6.282004e-03,-9.152465e+00,7.579380e+00,-7.412058e+00,-6.436361e+00,-1.896489e+01,-1.288762e+01,5.366635e+00,-9.458213e+00,-5.709670e+00,9.529454e+00,-8.830973e+00,5.816658e+00,4.200665e-02,0,6.591074e-01,3.787582e-05,-1.981123e-01,3.073778e-02,4.006848e-02,2.150440e-02,9.777260e-02,1.220217e-01,-8.343267e-02,-2.206918e-01,-1.968645e-01,-8.987693e-02,-6.095732e-01,-2.387770e-01,3.173164e-03,0,-7.119799e-03
6.525006e-03,-9.556690e+00,8.042897e+00,-7.404642e+00,-6.674957e+00,-1.902260e+01,-1.308701e+01,5.609785e+00,-9.648340e+00,-6.014681e+00,9.548985e+00,-9.581726e+00,6.052082e+00,4.684195e-02,0,6.504676e-01,9.409208e-05,-1.432016e-01,6.123958e-02,-7.697578e-02,2.233088e-01,-1.088366e-01,-2.174576e-01,5.608700e-01,-2.251246e-01,-4.128960e-01,-3.810654e-02,-2.517420e-01,2.645622e-01,3.203384e-03,0,-3.252876e-03
6.582697e-03,-9.619790e+00,7.812872e+00,-7.433174e+00,-6.317857e+00,-1.890575e+01,-1.368763e+01,6.706705e+00,-1.015928e+01,-6.460726e+00,9.579465e+00,-9.091308e+00,6.277441e+00,5.107283e-02,0,6.526552e-01,2.140906e-05,1.233788e-02,-6.861053e-02,-9.253754e-02,3.493451e-01,-1.928349e-01,-3.198901e-01,7.960467e-01,-1.728095e-01,-4.044716e-01,-5.105782e-02,1.653144e-01,4.571615e-01,1.843457e-03,0,9.518742e-04
6.494625e-03,-9.334297e+00,7.665667e+00,-7.688422e+00,-5.583762e+00,-1.953903e+01,-1.432117e+01,8.373135e+00,-9.900504e+00,-7.439262e+00,9.183972e+00,-8.602824e+00,7.256830e+00,5.077063e-02,0,6.553406e-01,-3.091507e-05,1.125864e-01,-1.303586e-01,-3.858056e-02,4.572591e-01,-3.629175e-01,-7.130690e-02,6.264027e-01,-1.025933e-01,-2.341343e-01,4.346371e-02,2.780350e-01,4.973063e-01,-3.022060e-04,0,2.091134e-03
6.404240e-03,-9.201972e+00,7.424942e+00,-7.732856e+00,-5.235233e+00,-1.967085e+01,-1.386999e+01,7.965193e+00,-1.019618e+01,-7.019737e+00,9.456672e+00,-8.493852e+00,7.500092e+00,4.925960e-02,0,6.614303e-01,-1.445957e-05,6.982136e-02,1.703863e-02,-1.674662e-02,2.391135e-01,-3.773922e-01,2.811229e-01,1.427722e-01,-2.656849e-01,1.786426e-01,2.576765e-01,2.326423e-01,1.617884e-01,-1.843457e-03,0,7.524014e-04
6.459659e-03,-9.202667e+00,7.585069e+00,-7.447704e+00,-4.929974e+00,-2.045465e+01,-1.335236e+01,8.112554e+00,-1.014286e+01,-6.905848e+00,9.827701e+00,-8.490279e+00,7.927288e+00,4.623753e-02,0,6.565357e-01,1.554605e-05,2.833986e-02,1.786674e-01,-8.874297e-02,-1.988792e-02,-1.906586e-01,5.107900e-01,-2.711784e-01,-4.518871e-01,5.394058e-01,3.273712e-01,3.705845e-01,-2.037789e-01,-2.145663e-03,0,-2.156496e-05
6.527882e-03,-9.336498e+00,7.938364e+00,-7.637266e+00,-5.449184e+00,-2.033491e+01,-1.276642e+01,7.550856e+00,-1.136653e+01,-5.834221e+00,1.054598e+01,-7.984369e+00,6.751153e+00,4.412210e-02,0,6.558196e-01,8.199364e-06,2.607698e-02,2.759927e-01,-1.595571e-01,-2.157469e-01,-1.030601e-01,4.434239e-01,-4.075511e-01,-3.774260e-01,3.939567e-01,3.253199e-01,3.931367e-01,-4.623358e-01,-1.511031e-03,0,5.813241e-05
6.510534e-03,-9.125335e+00,8.302293e+00,-8.179932e+00,-5.576226e+00,-2.016030e+01,-1.231901e+01,7.224411e+00,-1.157477e+01,-5.334991e+00,1.027617e+01,-7.004643e+00,6.612404e+00,4.261106e-02,0,6.580381e-01,-1.346325e-05,1.230249e-02,2.004282e-01,-1.600628e-02,-2.669544e-01,-8.338928e-03,3.226127e-01,-4.511982e-01,-8.103742e-02,1.239728e-01,2.375213e-01,2.182097e-01,-4.529780e-01,-5.439710e-04,0,7.638693e-04
6.419800e-03,-9.110253e+00,8.446294e+00,-8.164528e+00,-5.990841e+00,-2.033332e+01,-1.216955e+01,6.371509e+00,-1.136735e+01,-5.835382e+00,1.085904e+01,-7.270986e+00,5.845854e+00,4.351768e-02,0,6.609698e-01,4.299730e-06,-5.191574e-02,1.190214e-01,2.665072e-01,-1.963210e-01,-8.398895e-02,7.358618e-02,-3.028969e-01,4.467121e-01,-2.963671e-01,6.736727e-02,-1.417450e-01,-1.917920e-01,-2.417658e-04,0,-4.477382e-04
6.446384e-03,-9.254277e+00,8.333245e+00,-7.264104e+00,-5.993917e+00,-2.049713e+01,-1.203773e+01,6.446236e+00,-1.054763e+01,-6.285403e+00,1.085878e+01,-7.755922e+00,6.115047e+00,4.381989e-02,0,6.577800e-01,7.432024e-05,-1.778107e-01,8.375549e-02,4.542612e-01,-2.106030e-01,-6.114502e-02,1.555529e-02,-2.140528e-01,5.396464e-01,-2.874637e-01,-7.801752e-02,-4.830554e-01,1.038699e-01,-3.022063e-04,0,-2.831221e-03
6.581455e-03,-9.531606e+00,8.517995e+00,-6.762644e+00,-6.221943e+00,-2.058644e+01,-1.253912e+01,6.425459e+00,-9.646534e+00,-6.840851e+00,1.059152e+01,-8.317454e+00,6.040872e+00,4.230886e-02,0,6.537099e-01,1.258073e-04,-1.960299e-01,2.559814e-02,2.833194e-01,-1.944129e-01,1.990173e-01,2.467842e-02,-2.153159e-01,3.405895e-01,-4.384480e-02,-3.122152e-01,-4.277272e-01,3.750054e-01,-2.719857e-04,0,-3.770018e-03
6.801307e-03,-9.803712e+00,8.685220e+00,-6.609568e+00,-6.513690e+00,-2.033946e+01,-1.205644e+01,6.127172e+00,-9.736943e+00,-6.269576e+00,1.001985e+01,-8.896686e+00,7.034245e+00,4.170444e-02,0,6.475119e-01,7.238365e-05,-1.300738e-01,-4.041176e-02,3.667078e-02,-2.468659e-01,4.629745e-01,-1.989241e-02,-4.036179e-01,1.278468e-01,1.891847e-01,-2.894257e-01,-3.322913e-01,3.872320e-01,6.346330e-04,0,-2.686864e-03
6.871375e-03,-9.815685e+00,8.398297e+00,-7.075199e+00,-6.703020e+00,-1.941707e+01,-1.203680e+01,5.454462e+00,-1.006975e+01,-6.062520e+00,9.717427e+00,-8.839240e+00,7.261282e+00,4.321547e-02,0,6.472538e-01,-3.283629e-05,-6.145286e-03,-2.265198e-01,-6.323309e-02,-9.498529e-02,4.716190e-01,-1.352463e-02,-5.171514e-01,1.134437e-01,3.206034e-01,-1.444582e-01,-1.143795e-01,2.606306e-01,1.390148e-03,0,-6.530404e-04
6.663343e-03,-9.762607e+00,8.191035e+00,-6.924473e+00,-6.987709e+00,-1.876694e+01,-1.238836e+01,4.913645e+00,-9.696789e+00,-5.728645e+00,9.848697e+00,-9.156486e+00,7.441002e+00,4.653974e-02,0,6.475738e-01,-1.507147e-04,1.058675e-01,-3.341934e-01,-4.424434e-02,1.281303e-01,1.369793e-01,-1.373233e-01,-4.092290e-01,2.843107e-01,2.243826e-01,1.011644e-01,8.556060e-02,-1.225307e-01,1.208825e-03,0,1.516300e-03
6.486256e-03,-9.582885e+00,7.632488e+00,-6.921357e+00,-6.459860e+00,-1.901460e+01,-1.244079e+01,4.446465e+00,-9.099393e+00,-5.508299e+00,9.954799e+00,-8.759452e+00,7.140646e+00,4.684195e-02,0,6.504138e-01,-1.750736e-04,1.404963e-01,-4.349322e-01,8.104853e-02,4.583061e-01,-3.851292e-01,5.538750e-02,-1.085719e-01,1.839828e-01,2.784628e-01,3.944046e-01,2.991696e-01,-3.815696e-01,2.417646e-04,0,1.488650e-03
6.240293e-03,-9.390775e+00,7.397157e+00,-6.907711e+00,-5.994617e+00,-1.985580e+01,-1.254106e+01,4.585025e+00,-8.800569e+00,-5.424773e+00,1.040698e+01,-8.508777e+00,6.481909e+00,4.593533e-02,0,6.535134e-01,-1.793045e-04,1.445783e-01,-4.923974e-01,2.539158e-03,5.668058e-01,-5.455225e-01,2.611195e-01,7.299552e-02,-1.494665e-01,4.054368e-01,2.983395e-01,5.685602e-01,-6.262366e-01,-6.950751e-04,0,7.761538e-04
6.207532e-03,-9.299120e+00,6.620575e+00,-6.678338e+00,-4.908035e+00,-2.079829e+01,-1.168351e+01,5.075912e+00,-9.597947e+00,-4.822142e+00,1.141031e+01,-7.667246e+00,5.832981e+00,4.472650e-02,0,6.517272e-01,-1.762931e-04,8.418064e-02,-4.476431e-01,3.296251e-02,3.464594e-01,-2.828674e-01,3.764963e-01,6.555514e-02,-2.202005e-01,4.704135e-01,1.934624e-01,6.063492e-01,-6.315020e-01,-9.066187e-04,0,-8.536995e-04
5.906183e-03,-9.181598e+00,6.235005e+00,-7.033287e+00,-4.929592e+00,-2.060271e+01,-1.146140e+01,4.963900e+00,-1.019484e+01,-4.044539e+00,1.061264e+01,-6.859787e+00,4.963652e+00,4.412209e-02,0,6.507978e-01,-1.800281e-04,3.042231e-02,-2.998248e-01,-3.906255e-02,-3.298445e-02,2.062185e-01,2.987631e-01,-1.801672e-02,5.626040e-02,1.881869e-01,-9.739304e-03,5.150686e-01,-3.951645e-01,-1.178604e-03,0,-1.825625e-03
5.771846e-03,-9.266570e+00,5.975349e+00,-6.693756e+00,-5.260076e+00,-2.005548e+01,-1.109814e+01,4.584804e+00,-9.503258e+00,-3.846349e+00,1.081928e+01,-6.552200e+00,4.742265e+00,4.321547e-02,0,6.475031e-01,-1.827196e-04,-1.401262e-02,-2.470493e-03,-9.721513e-02,-3.299136e-01,5.841724e-01,1.099981e-01,1.463694e-01,5.303687e-01,-3.431907e-01,6.620102e-02,3.639885e-01,-1.046179e-01,-1.299485e-03,0,-1.436859e-03
5.557995e-03,-9.254938e+00,6.220646e+00,-7.095314e+00,-5.983519e+00,-1.919611e+01,-1.133993e+01,4.740496e+00,-8.566611e+00,-4.971735e+00,1.065380e+01,-6.490957e+00,5.051445e+00,4.079783e-02,0,6.464973e-01,-1.470905e-04,-2.513218e-02,1.719623e-01,-1.319081e-01,-2.579957e-01,6.360500e-01,7.261439e-02,4.874363e-01,7.399476e-01,-7.655414e-01,2.896953e-01,3.250816e-01,2.123248e-01,-1.178602e-03,0,-6.686806e-04
5.468028e-03,-9.332513e+00,6.615402e+00,-7.133399e+00,-6.030639e+00,-1.858072e+01,-1.119425e+01,5.919461e+00,-7.760220e+00,-6.074497e+00,1.172073e+01,-6.031719e+00,5.265996e+00,3.989121e-02,0,6.466932e-01,-1.147453e-04,-6.762409e-03,2.249828e-01,-2.221880e-01,-2.678547e-02,4.801384e-01,1.140554e-01,7.417220e-01,5.399886e-01,-7.707711e-01,2.582850e-01,3.871645e-01,2.561794e-01,-5.741909e-04,0,4.418254e-04
5.322639e-03,-9.274287e+00,6.774790e+00,-7.473005e+00,-5.834289e+00,-1.815984e+01,-1.105027e+01,6.733753e+00,-7.366625e+00,-6.758173e+00,1.161039e+01,-5.494620e+00,5.763411e+00,3.989121e-02,0,6.478594e-01,-6.366274e-05,-2.973366e-03,1.412878e-01,-1.523524e-01,1.591822e-01,2.454170e-01,1.856034e-01,6.489905e-01,2.683520e-01,-4.402989e-01,1.868903e-01,3.669994e-01,1.632653e-01,9.066165e-05,0,7.405698e-04
5.315797e-03,-9.290708e+00,6.823191e+00,-7.615850e+00,-5.468618e+00,-1.817293e+01,-1.067269e+01,7.296786e+00,-7.403307e+00,-6.806985e+00,1.163241e+01,-5.114546e+00,5.667179e+00,4.079783e-02,0,6.490312e-01,-3.113039e-05,6.719017e-03,4.639792e-02,-1.107747e-01,1.489712e-01,8.025131e-02,1.420694e-01,3.317683e-01,6.771431e-02,-1.513789e-01,-1.546240e-02,2.214419e-01,7.061353e-02,2.719849e-04,0,5.847752e-04
