pcm_RMSenergy_sma,pcm_fftMag_mfcc_sma[1],pcm_fftMag_mfcc_sma[2],pcm_fftMag_mfcc_sma[3],pcm_fftMag_mfcc_sma[4],pcm_fftMag_mfcc_sma[5],pcm_fftMag_mfcc_sma[6],pcm_fftMag_mfcc_sma[7],pcm_fftMag_mfcc_sma[8],pcm_fftMag_mfcc_sma[9],pcm_fftMag_mfcc_sma[10],pcm_fftMag_mfcc_sma[11],pcm_fftMag_mfcc_sma[12],pcm_zcr_sma,F0final_sma,voicingFinalUnclipped_sma,pcm_RMSenergy_sma_de,pcm_fftMag_mfcc_sma_de[1],pcm_fftMag_mfcc_sma_de[2],pcm_fftMag_mfcc_sma_de[3],pcm_fftMag_mfcc_sma_de[4],pcm_fftMag_mfcc_sma_de[5],pcm_fftMag_mfcc_sma_de[6],pcm_fftMag_mfcc_sma_de[7],pcm_fftMag_mfcc_sma_de[8],pcm_fftMag_mfcc_sma_de[9],pcm_fftMag_mfcc_sma_de[10],pcm_fftMag_mfcc_sma_de[11],pcm_fftMag_mfcc_sma_de[12],pcm_zcr_sma_de,F0final_sma_de,voicingFinalUnclipped_sma_de
2.790149e-04,3.444391e+00,8.159208e+00,-1.057954e+01,-1.328178e+01,-6.432377e+00,-2.314385e+00,-2.141514e-01,-2.630201e-01,-3.755036e+00,-4.453468e+00,-1.138279e+01,3.690023e+00,1.722575e-02,0,0,-1.253776e-05,-2.372240e-01,-3.115868e-01,3.989410e-01,5.320657e-01,-3.910331e-01,1.645642e-01,-3.282329e-01,-4.376885e-01,2.197401e-01,1.111579e+00,5.829797e-01,2.494182e-01,0,0,0
2.554943e-04,3.019011e+00,7.669923e+00,-1.016383e+01,-1.184871e+01,-7.281262e+00,-1.776682e+00,-1.092137e+00,-1.440190e+00,-3.248619e+00,-2.269190e+00,-1.068337e+01,4.127412e+00,1.722575e-02,0,0,-1.964724e-05,-4.293699e-01,-5.167409e-01,6.183236e-01,6.439414e-01,-2.611207e-01,-1.100445e-01,-7.105353e-01,-6.119350e-01,7.640245e-01,1.814970e+00,5.998766e-01,1.266439e-02,3.626473e-04,0,0
2.280863e-04,2.470962e+00,6.845917e+00,-8.792687e+00,-1.133799e+01,-7.963100e+00,-1.760415e+00,-1.416323e+00,-1.862877e+00,-2.909543e+00,1.228519e-02,-8.817600e+00,4.718420e+00,1.722575e-02,0,0,-1.665847e-05,-7.678824e-01,-3.643721e-01,7.326697e-01,7.520725e-01,-7.313089e-02,-4.698267e-01,-8.382217e-01,-6.152873e-02,1.205596e+00,2.252481e+00,3.638035e-01,-5.111994e-01,9.670596e-04,0,0
2.062430e-04,1.784257e+00,6.232150e+00,-8.381343e+00,-1.103397e+01,-6.972620e+00,-3.141592e+00,-3.165742e+00,-2.522766e+00,-3.576593e-01,2.388503e+00,-9.666001e+00,3.239147e+00,1.903898e-02,0,0,-9.542120e-06,-9.998184e-01,-7.188506e-02,7.842748e-01,7.744317e-01,1.688764e-01,-5.365996e-01,-5.590110e-01,6.546855e-01,1.711428e+00,2.324888e+00,-5.108693e-01,-1.484121e+00,1.480810e-03,0,0
2.203482e-04,2.223566e-01,7.056235e+00,-7.807429e+00,-9.928786e+00,-6.952353e+00,-3.981063e+00,-3.368457e+00,-2.937579e-02,8.274639e-01,4.480087e+00,-1.007246e+01,1.578159e+00,2.115443e-02,0,0,-2.883108e-06,-9.916641e-01,1.596014e-01,8.261160e-01,6.341339e-01,9.744529e-02,1.733292e-01,-1.773050e-02,1.201460e+00,1.684376e+00,1.851427e+00,-1.123766e+00,-2.136817e+00,1.450589e-03,0,0
2.116528e-04,-8.557789e-01,7.205339e+00,-6.735080e+00,-8.681149e+00,-6.942254e+00,-3.349356e+00,-2.911125e+00,9.164863e-01,3.440018e+00,7.121349e+00,-1.261029e+01,-1.723064e+00,2.266546e-02,0,0,-6.210073e-06,-5.959257e-01,-7.032118e-02,1.260720e+00,2.660171e-01,-3.958425e-01,1.084973e+00,7.729762e-01,1.224404e+00,8.723755e-01,1.081475e+00,-5.876694e-01,-2.060570e+00,5.137503e-04,0,0
2.109659e-04,-1.167341e+00,7.157329e+00,-5.485239e+00,-9.343726e+00,-7.491057e+00,-7.898871e-01,-1.632284e+00,2.424798e+00,3.613498e+00,6.902996e+00,-1.296428e+01,-3.484556e+00,2.266546e-02,0,0,-1.282162e-05,-5.160594e-02,-2.543316e-01,1.363085e+00,-2.857378e-01,-5.739243e-01,1.704981e+00,1.118598e+00,5.326530e-01,-2.080752e-01,2.507342e-01,5.317310e-01,-1.294391e+00,-6.648537e-04,0,0
1.798838e-04,-5.005236e-01,5.829997e+00,-3.238838e+00,-9.996413e+00,-8.682480e+00,6.876831e-01,-1.689472e-01,2.372164e+00,2.611201e+00,6.584425e+00,-1.115843e+01,-4.532346e+00,2.085222e-02,0,0,-1.356151e-05,2.114506e-01,-1.062506e-01,1.089422e+00,-2.027515e-01,-5.233951e-01,1.505231e+00,1.165096e+00,1.208483e-01,-1.023666e+00,-3.528159e-01,1.921215e+00,-3.611525e-01,-1.722575e-03,0,0
1.721247e-04,-2.133008e-01,6.472248e+00,-2.740124e+00,-1.069984e+01,-8.951861e+00,2.525323e+00,8.534431e-01,1.906050e+00,2.014959e-01,6.002220e+00,-8.139729e+00,-3.489154e+00,1.873678e-02,0,0,-1.223707e-05,1.718235e-01,2.649701e-01,5.051829e-01,3.100487e-01,-1.618791e-01,1.090738e+00,1.112394e+00,-2.820646e-01,-8.358256e-01,-3.627632e-01,2.081612e+00,-1.024606e-02,-2.175884e-03,0,0
1.632659e-04,-2.755457e-01,7.016626e+00,-2.660528e+00,-9.016849e+00,-8.828827e+00,2.519194e+00,1.671491e+00,1.780102e+00,2.768934e-02,5.807658e+00,-5.416489e+00,-3.526528e+00,1.601692e-02,0,0,-7.023351e-06,9.544071e-02,4.494126e-01,-1.783227e-01,1.085811e+00,9.059391e-02,6.376203e-01,4.529563e-01,-1.762411e-01,8.818752e-02,-7.513652e-01,1.082158e+00,1.698819e-01,-2.085222e-03,0,0
1.580895e-04,-4.207121e-01,7.888865e+00,-3.248479e+00,-8.283265e+00,-8.227279e+00,3.748046e+00,3.009467e+00,1.310506e+00,7.261262e-01,5.477564e+00,-5.427197e+00,-4.038696e+00,1.420369e-02,0,0,-7.451787e-06,1.641947e-01,1.283289e-01,-3.791781e-01,1.584968e+00,1.613696e-01,5.611556e-02,-1.380326e-01,-1.395528e-01,7.422488e-01,-9.995829e-01,9.744616e-02,-2.960792e-02,-1.903898e-03,0,0
1.517846e-04,8.038559e-02,7.368752e+00,-3.876274e+00,-5.775646e+00,-8.591802e+00,3.264423e+00,1.017823e+00,1.788731e+00,2.789824e+00,3.089927e+00,-7.103911e+00,-3.408166e+00,1.269266e-02,0,0,-8.667388e-06,2.868359e-01,1.552315e-02,-3.489061e-01,1.503444e+00,3.910847e-02,-6.720270e-01,-7.987164e-01,-1.792215e-01,5.859402e-01,-1.368049e+00,-2.746677e-01,6.384531e-01,-1.118163e-03,0,0
1.406064e-04,4.297073e-01,6.937830e+00,-4.028141e+00,-4.395604e+00,-8.263526e+00,2.433286e+00,4.901143e-01,1.203972e+00,2.531673e+00,2.363171e+00,-6.808788e+00,-3.696375e+00,1.087942e-02,0,0,-9.267671e-06,9.870951e-02,6.151867e-02,-1.103387e-01,1.513516e+00,1.509877e-01,-1.445483e+00,-1.068329e+00,-3.334561e-01,-5.384165e-02,-1.079647e+00,2.939296e-01,1.080046e+00,6.044107e-05,0,0
1.286705e-04,7.334241e-01,7.569759e+00,-4.015228e+00,-3.443458e+00,-8.615161e+00,-1.835613e-01,-1.062415e+00,9.372616e-01,2.054617e+00,5.246084e-01,-6.099032e+00,-5.054232e-01,1.208824e-02,0,0,-8.552607e-06,-3.568614e-01,1.783505e-01,-7.004557e-02,1.176952e+00,5.767723e-01,-1.215941e+00,-1.098345e+00,-4.628859e-01,-5.968310e-01,-3.883313e-01,1.291293e+00,1.470448e+00,1.299486e-03,0,0
1.233082e-04,-2.536838e-01,8.095954e+00,-3.730696e+00,-1.881779e+00,-7.460660e+00,-1.755378e+00,-1.292058e+00,6.896082e-02,8.245215e-01,1.361987e+00,-4.459989e+00,-8.983773e-02,1.480810e-02,0,0,-6.040910e-06,-7.031761e-01,1.982193e-02,-8.528395e-02,1.406651e+00,8.828260e-01,-8.242823e-01,-1.343860e+00,-3.346870e-01,-9.670391e-01,4.324127e-02,2.134822e+00,1.391238e+00,6.950743e-04,0,0
1.176707e-04,-1.362226e+00,7.681442e+00,-4.375225e+00,-1.147798e+00,-6.109373e+00,-7.209508e-01,-3.582818e+00,4.180714e-02,6.592446e-01,1.648862e+00,-1.821846e+00,2.140805e+00,1.722575e-02,0,0,-4.093095e-06,-9.132454e-01,-3.581459e-01,1.786033e-01,1.761564e+00,1.315933e+00,-2.996207e-01,-1.430966e+00,-1.037114e-01,-8.797281e-01,3.788082e-01,2.885499e+00,7.974178e-01,-1.511030e-03,0,0
1.159017e-04,-2.038349e+00,6.981098e+00,-4.274562e+00,1.489823e+00,-5.102290e+00,-1.419430e+00,-4.968987e+00,-2.173618e-02,-1.605836e+00,2.017250e+00,1.726729e+00,1.936700e+00,1.178604e-02,0,0,8.382925e-06,-1.285520e+00,-1.409563e+00,6.644644e-01,1.124591e+00,1.300483e+00,-1.715261e-02,-9.470749e-01,6.946703e-01,-3.471122e-01,2.663847e-01,2.114568e+00,2.769592e-01,-1.843457e-03,0,0
1.119082e-04,-2.940470e+00,6.336458e+00,-2.850278e+00,3.678563e+00,-3.214679e+00,-1.849639e+00,-6.378782e+00,4.640529e-01,-1.128845e+00,2.091018e+00,5.235107e+00,2.468397e+00,6.044122e-03,0,0,3.059455e-05,-2.065612e+00,-2.534822e+00,1.015807e+00,-4.109219e-01,1.510560e+00,2.470787e-01,2.935171e-03,1.788700e+00,7.255610e-01,8.093860e-01,6.946961e-01,-6.577931e-02,8.461770e-04,0,0
1.681040e-04,-5.892162e+00,1.720633e+00,-1.170847e+00,1.327995e+00,-2.405593e+00,-1.276797e+00,-4.629450e+00,3.331189e+00,-1.699487e-02,2.472833e+00,2.584374e+00,1.131162e+00,1.118163e-02,0,0,5.007391e-05,-2.010055e+00,-2.920317e+00,2.988194e-01,-3.066140e+00,1.383844e+00,4.162642e-01,4.656247e-01,2.271876e+00,1.727690e+00,1.436873e+00,-9.180409e-01,1.099005e-01,5.016621e-03,0,0
2.445422e-04,-9.763377e+00,-2.362434e+00,-8.480467e-01,-3.121493e+00,9.507946e-02,4.431259e-01,-3.737910e+00,7.308842e+00,3.492629e+00,5.468001e+00,1.222811e+00,2.214677e+00,2.175884e-02,0,0,6.479865e-05,-6.548087e-01,-1.891156e+00,-8.717316e-01,-5.035104e+00,1.159715e+00,-1.963673e-01,5.351999e-02,1.391824e+00,1.835584e+00,2.346936e+00,-1.740517e+00,6.019009e-01,5.590813e-03,0,0
2.999543e-04,-8.677172e+00,-3.271040e+00,-3.781581e+00,-1.044085e+01,1.620517e-01,-4.844913e-01,-3.961299e+00,7.915249e+00,4.721879e+00,7.513124e+00,-8.573272e-01,2.613062e+00,2.901179e-02,0,0,7.040938e-05,1.608220e+00,-1.451228e-01,-1.800776e+00,-5.799357e+00,9.185531e-01,-8.477924e-01,-1.044899e+00,-1.010879e+00,1.588431e+00,2.884673e+00,-1.602646e+00,6.712151e-01,2.689634e-03,0,0
3.699764e-04,-4.822009e+00,-6.234856e-01,-5.903568e+00,-1.561253e+01,1.300075e+00,-3.227628e+00,-6.445258e+00,5.131145e+00,5.679638e+00,1.130555e+01,-1.746628e+00,4.736952e+00,2.508311e-02,0,0,7.386057e-05,2.838292e+00,5.268034e-01,-1.836708e+00,-5.487930e+00,3.300459e-01,-7.447852e-01,-1.119390e+00,-2.929192e+00,6.108750e-01,2.561528e+00,-1.208063e+00,2.907120e-01,-3.626471e-04,0,0
4.574339e-04,-3.217450e-01,1.255447e-01,-7.646965e+00,-2.142327e+01,1.584675e+00,-3.680382e+00,-8.500274e+00,-6.343586e-01,6.831656e+00,1.397742e+01,-3.944137e+00,3.226100e+00,2.296766e-02,0,0,6.370489e-05,2.358069e+00,1.709750e-01,-1.383511e+00,-4.016622e+00,2.165357e-01,4.978058e-01,-4.031581e-01,-3.274748e+00,3.321528e-02,1.397395e+00,-2.212054e-01,1.453240e-01,-1.118163e-03,0,0
5.351053e-04,2.503688e-01,-1.426709e+00,-8.098897e+00,-2.506993e+01,1.033998e+00,-1.682855e+00,-7.065372e+00,-3.062315e+00,5.492115e+00,1.504349e+01,-3.274100e+00,3.361718e+00,2.296766e-02,0,0,3.387375e-05,1.181598e+00,-4.745352e-01,-1.202826e+00,-2.355916e+00,7.804568e-02,1.956573e+00,9.044037e-01,-2.167215e+00,-4.613104e-01,-4.766824e-01,7.616307e-01,3.542928e-01,-3.022104e-05,0,0
5.359143e-04,5.769861e-01,-2.014553e+00,-9.601474e+00,-2.579526e+01,1.377769e+00,1.232151e+00,-5.667032e+00,-4.361761e+00,4.981717e+00,1.263113e+01,-1.199619e+00,4.027298e+00,2.447869e-02,0,0,2.166844e-06,1.626263e-01,-3.900961e-01,-1.163213e+00,-8.717272e-01,3.159590e-01,2.782032e+00,1.663526e+00,-5.643401e-01,-4.570217e-01,-1.427722e+00,1.408562e+00,1.077642e+00,4.230883e-04,0,0
5.001049e-04,6.366170e-01,-1.926113e+00,-1.094044e+01,-2.520612e+01,1.793756e+00,4.098971e+00,-3.339860e+00,-3.841230e+00,4.298055e+00,9.595284e+00,6.892654e-01,6.107817e+00,2.417649e-02,0,0,-1.916045e-05,-6.654249e-02,1.093499e-01,-1.100695e+00,-6.588993e-02,3.853291e-01,2.402561e+00,1.785767e+00,9.394105e-02,1.102641e-01,-1.492662e+00,1.296016e+00,1.200773e+00,1.813237e-04,0,0
4.857683e-04,2.982623e-01,-1.575234e+00,-1.204226e+01,-2.571381e+01,2.784590e+00,7.338862e+00,-2.045402e+00,-3.066602e+00,5.143578e+00,9.562920e+00,1.116989e+00,7.241261e+00,2.447869e-02,0,0,-2.579247e-05,-2.573517e-01,4.606735e-01,-8.015944e-01,2.068676e-01,1.478430e-01,1.026928e+00,1.736327e+00,4.039280e-01,1.369108e-01,-8.527185e-01,1.010771e+00,6.141616e-01,-2.115438e-04,0,0
4.643760e-04,5.701825e-02,-1.099619e+00,-1.238198e+01,-2.544010e+01,2.257232e+00,7.276594e+00,5.264993e-02,-3.240189e+00,5.962506e+00,9.114288e+00,2.047676e+00,7.758600e+00,2.387428e-02,0,0,-2.931961e-05,-1.926764e-01,6.788328e-01,-5.176705e-01,6.227091e-01,-1.182786e-01,-7.012460e-01,1.233158e+00,3.712072e-01,-1.117843e-01,-6.174141e-01,9.872873e-01,-2.838678e-01,-4.533086e-04,0,0
4.248164e-04,-4.199729e-01,-1.244327e-01,-1.288868e+01,-2.464393e+01,1.885245e+00,4.777980e+00,1.318349e+00,-2.642642e+00,4.834046e+00,8.608037e+00,3.175029e+00,6.272715e+00,2.357208e-02,0,0,-3.903215e-05,8.470427e-04,8.648857e-01,-2.516314e-01,1.497416e+00,-4.365159e-01,-1.716271e+00,5.749135e-01,3.045868e-01,-8.204049e-01,-7.408899e-01,1.141321e+00,-1.078884e+00,-8.159567e-04,0,0
3.839828e-04,3.235249e-02,7.426509e-01,-1.310559e+01,-2.262752e+01,1.652036e+00,1.873182e+00,1.144056e+00,-2.197174e+00,3.893900e+00,6.985655e+00,4.596682e+00,5.172751e+00,2.236325e-02,0,0,-4.784893e-05,1.217941e-01,9.702851e-01,1.279484e-01,2.038377e+00,5.190900e-02,-1.377972e+00,-4.284095e-01,2.021479e-01,-1.629671e+00,-3.494441e-01,1.083907e+00,-1.813888e+00,-1.148383e-03,0,0
3.308042e-04,3.148304e-01,1.828059e+00,-1.293861e+01,-1.963302e+01,9.046091e-01,1.459213e+00,2.834625e-01,-2.065175e+00,2.075856e+00,6.922787e+00,5.549090e+00,3.139763e+00,2.115443e-02,0,0,-5.341193e-05,1.763005e-01,8.554033e-01,5.140273e-01,2.628945e+00,6.468105e-03,-6.846877e-01,-7.697912e-01,-1.076822e-01,-1.887376e+00,3.115899e-01,7.247682e-01,-1.952332e+00,-1.027502e-03,0,0
2.721375e-04,2.985869e-01,2.775560e+00,-1.171727e+01,-1.775367e+01,3.007095e+00,2.046119e+00,-1.571954e+00,-2.518183e+00,-8.067565e-01,8.209693e+00,6.280180e+00,2.556375e-01,1.934119e-02,0,0,-5.422063e-05,-2.311938e-02,7.268104e-01,6.647579e-01,2.942810e+00,9.465118e-02,-4.428008e-01,-8.672553e-01,-4.423091e-01,-1.848151e+00,7.796375e-01,3.439399e-01,-1.843782e+00,-6.044129e-04,0,0
2.136794e-04,3.284122e-01,3.136129e+00,-1.101270e+01,-1.393613e+01,1.240056e+00,1.268072e+00,-1.172602e+00,-3.020548e+00,-2.252506e+00,9.553967e+00,5.957121e+00,-1.030389e+00,1.994560e-02,0,0,-4.759442e-05,-1.602267e-01,4.281397e-01,6.097506e-01,3.432621e+00,-2.527361e-01,-4.824381e-01,-5.822060e-01,-7.190683e-01,-8.602986e-01,2.040448e-01,-4.509545e-01,-8.863856e-01,-7.857360e-04,0,0
1.714420e-04,-9.003531e-02,3.722668e+00,-1.074475e+01,-1.076192e+01,1.957568e+00,-2.452522e-01,-2.464188e+00,-3.931033e+00,-3.182673e+00,9.568253e+00,6.112366e+00,-1.961085e+00,1.994560e-02,0,0,-3.691290e-05,-4.283131e-01,1.902118e-01,5.185903e-01,3.597633e+00,-2.351135e-01,-3.284679e-01,-3.460263e-01,-6.921914e-01,-1.731822e-02,-8.685797e-01,-8.662387e-01,-1.417813e-01,-1.148383e-03,0,0
1.431798e-04,-2.919918e-01,3.495204e+00,-1.037612e+01,-5.965796e+00,1.656923e-01,1.927085e-01,-2.181450e+00,-4.954092e+00,-1.037679e+00,7.263731e+00,3.378224e+00,-1.838031e-01,1.692354e-02,0,0,-2.576457e-05,-7.455021e-01,5.736382e-02,7.735894e-01,3.119783e+00,4.091441e-01,3.729171e-01,-3.109200e-01,-4.234617e-01,-1.294472e-01,-1.573118e+00,-1.056005e+00,-2.266964e-01,-6.044115e-04,0,0
1.228228e-04,-1.532776e+00,3.547082e+00,-9.442613e+00,-3.750672e+00,2.368710e+00,9.414618e-01,-2.797662e+00,-5.012369e+00,-1.500761e+00,5.011912e+00,3.238435e+00,-8.765616e-01,1.511031e-02,0,0,-1.768072e-05,-1.006391e+00,-3.360952e-01,7.558775e-01,2.079625e+00,4.439445e-01,4.770783e-01,-3.093905e-01,8.177662e-03,-8.383753e-02,-1.230799e+00,-1.860044e-01,3.664332e-02,1.208825e-03,0,0
1.091662e-04,-2.677728e+00,3.510741e+00,-7.795820e+00,-1.842833e+00,3.080206e+00,2.539301e+00,-2.560466e+00,-4.597189e+00,-3.740698e+00,3.966547e+00,2.114063e+00,-2.706133e+00,1.934119e-02,0,0,-1.179670e-05,-1.209141e+00,-6.984558e-01,4.187106e-01,7.319590e-01,4.689359e-01,2.948127e-01,-2.658971e-01,7.345582e-01,1.029820e-01,-9.385200e-02,1.111680e+00,6.303753e-01,2.236326e-03,0,0
1.000452e-04,-3.929124e+00,2.034423e+00,-8.255516e+00,-2.425272e+00,2.720034e+00,9.668428e-01,-3.821633e+00,-4.068596e+00,-2.250351e+00,5.062850e+00,5.814425e+00,-5.167039e-01,2.478090e-02,0,0,-7.029724e-06,-1.115918e+00,-9.648212e-01,-1.057267e-01,-5.038749e-02,-3.713984e-01,1.458763e-01,7.573235e-02,1.594152e+00,1.805789e+00,6.232394e-01,1.551414e+00,1.935600e+00,4.533093e-04,0,0
9.558507e-05,-5.139521e+00,7.592542e-01,-8.876113e+00,-2.968701e+00,2.334710e+00,1.654082e+00,-2.998950e+00,-1.753187e+00,-1.479738e-01,6.769002e+00,7.648630e+00,2.788144e+00,2.326987e-02,0,0,-3.780467e-06,-8.740495e-01,-7.787902e-01,-4.604115e-01,-3.029752e-01,-9.785646e-01,5.972181e-02,4.727710e-01,1.989014e+00,3.021332e+00,9.720992e-01,1.237771e+00,2.103355e+00,-1.057721e-03,0,0
9.446471e-05,-5.881470e+00,9.871951e-02,-9.431100e+00,-3.439676e+00,8.844662e-01,2.113453e+00,-2.199758e+00,1.536393e+00,5.731823e+00,6.726882e+00,8.228224e+00,6.054300e+00,1.541251e-02,0,0,-2.398194e-06,-5.369450e-01,-1.155012e-01,-4.530753e-01,-2.041335e-01,-1.139055e+00,5.121742e-01,7.148787e-01,1.567113e+00,2.825037e+00,7.937018e-01,1.806454e-01,7.582800e-01,3.324268e-04,0,0
9.305411e-05,-6.071803e+00,5.846422e-01,-9.510086e+00,-2.850507e+00,-8.948333e-01,2.264605e+00,-1.007548e+00,2.545388e+00,7.374876e+00,7.995027e+00,7.096020e+00,4.525142e+00,1.873678e-02,0,0,-1.895020e-06,-2.282982e-01,3.093819e-01,-2.798159e-01,-9.804521e-02,-1.036026e+00,3.366006e-01,8.718615e-01,6.681124e-01,1.376613e+00,3.884176e-01,-3.058146e-01,-6.046435e-01,3.203385e-03,0,0
8.931975e-05,-6.147708e+00,1.544223e+00,-1.020391e+01,-3.505036e+00,-1.360469e+00,3.222452e+00,-1.242941e+00,1.617679e+00,8.113407e+00,8.418346e+00,6.993956e+00,2.406198e+00,2.870958e-02,0,0,-6.674105e-07,-8.662786e-02,4.762940e-01,-3.761702e-02,1.275125e-01,-5.161066e-02,5.496387e-01,1.258774e+00,1.891599e-01,-5.299314e-01,-7.510805e-02,-7.961471e-01,-1.545088e+00,2.478091e-03,0,0
8.868245e-05,-6.147892e+00,1.583412e+00,-9.888789e+00,-3.426246e+00,-1.722951e+00,2.782585e+00,8.819487e-01,1.546731e+00,5.544301e+00,7.865358e+00,6.736691e+00,1.588978e+00,3.263826e-02,0,0,1.013495e-06,-1.761117e-01,6.676909e-02,3.831636e-01,6.960064e-01,9.077171e-01,3.564711e-01,1.352750e+00,3.240253e-01,-1.154108e+00,-4.713019e-01,-9.057420e-01,-1.107095e+00,-3.203385e-03,0,0
9.331349e-05,-6.276564e+00,1.980805e+00,-9.429833e+00,-2.514243e+00,1.040472e+00,4.602656e+00,3.149363e+00,2.981521e+00,3.997454e+00,6.416176e+00,4.427153e+00,-2.030558e-01,2.085222e-02,0,0,1.669865e-06,-4.393334e-01,-3.322818e-01,5.753682e-01,1.256177e+00,1.333410e+00,2.382283e-01,1.128555e+00,2.874974e-01,-7.612009e-01,-6.353545e-02,-1.002603e+00,-2.871061e-01,-6.950741e-03,0,0
9.612471e-05,-6.887933e+00,7.001968e-01,-7.981304e+00,1.341285e-01,2.443282e+00,3.356858e+00,3.560051e+00,3.483594e+00,3.662311e+00,6.639603e+00,3.850712e+00,2.942906e-01,6.648534e-03,0,0,1.020751e-07,-6.883131e-01,-4.026178e-01,5.491453e-01,1.124103e+00,7.362126e-01,-7.437887e-02,1.589572e-01,-2.129056e-01,1.339296e-01,8.814143e-01,-3.273515e-01,9.382086e-01,-5.137505e-03,0,0
9.394794e-05,-7.974355e+00,3.244217e-01,-8.280807e+00,9.956619e-01,3.223463e+00,4.126457e+00,3.060784e+00,2.086735e+00,5.248397e+00,8.713547e+00,3.423930e+00,1.618011e+00,6.950740e-03,0,0,-1.489545e-06,-6.285724e-01,-1.922842e-01,2.973054e-01,5.183829e-01,-4.547779e-01,-8.471815e-01,-6.292765e-01,-5.407306e-01,6.225397e-01,1.060313e+00,3.801332e-01,1.634882e+00,-1.208827e-04,0,0
8.887560e-05,-8.740562e+00,3.985147e-01,-7.717576e+00,4.393171e-01,8.666160e-01,2.648791e+00,1.721024e+00,9.295967e-01,5.588477e+00,1.112374e+01,5.601545e+00,5.369488e+00,1.390148e-02,0,0,-1.097428e-06,-1.621365e-01,3.449678e-01,-6.250687e-02,-2.700190e-01,-8.906109e-01,-1.391703e+00,-9.497992e-01,-3.250477e-01,-1.411012e-01,7.642956e-02,5.867221e-01,1.296496e+00,1.571472e-03,0,0
8.949032e-05,-8.493112e+00,1.170225e+00,-8.075171e+00,-7.492279e-02,-4.450844e-01,7.207825e-01,9.224938e-01,1.554866e+00,6.147069e+00,9.475673e+00,5.452403e+00,5.433758e+00,1.662134e-02,0,0,1.052723e-06,5.243505e-01,5.663310e-01,-1.468606e-02,-2.363285e-01,-7.400695e-01,-1.628089e+00,-1.070120e+00,-1.301361e-01,-1.452180e+00,-1.703444e+00,-1.617454e-01,3.468983e-02,-1.269266e-03,0,0
9.286639e-05,-7.439238e+00,2.002134e+00,-8.396657e+00,-6.806744e-01,-1.754988e-01,-1.898817e+00,-1.197995e-01,2.124290e+00,2.507469e+00,6.640687e+00,5.770086e+00,4.868899e+00,9.670596e-03,0,0,2.172953e-06,7.838662e-01,4.953725e-01,7.543707e-02,2.939813e-01,-2.407073e-01,-9.422742e-01,-9.429172e-01,-3.872268e-01,-2.152641e+00,-2.748258e+00,-1.398277e+00,-1.133998e+00,-4.170444e-03,0,0
9.721617e-05,-6.003265e+00,2.354267e+00,-8.014697e+00,3.740151e-01,4.417264e-02,-1.740185e+00,-1.369407e+00,8.387076e-01,-4.719971e-01,2.437857e+00,2.530932e+00,2.041754e+00,2.719855e-03,0,0,2.921760e-06,2.004655e-01,3.622189e-01,6.344035e-01,3.208054e-01,-2.281061e-02,-5.313346e-01,-8.057806e-01,-7.252271e-01,-1.491436e+00,-1.628290e+00,-2.196756e+00,-1.254107e+00,-2.780296e-03,0,0
9.587744e-05,-6.066155e+00,2.283356e+00,-7.370627e+00,1.684755e+00,-5.815491e-01,-8.320964e-01,-1.847612e+00,-6.484580e-01,-1.865193e+00,9.013627e-01,7.089442e-02,1.395502e+00,0,0,0,1.572468e-05,-1.325642e+00,1.825973e-01,8.406941e-01,-5.246572e-01,3.501487e-01,-8.238532e-02,-3.504784e-01,-1.650542e-02,-1.548250e-01,-3.023716e-01,-2.025752e+00,-7.063152e-01,7.252946e-03,0,0
1.025936e-04,-8.177325e+00,2.840708e+00,-5.416168e+00,3.463898e-01,-3.561123e-01,-2.469251e+00,-2.242503e+00,-6.848952e-01,8.762185e-01,4.203886e+00,-2.681783e+00,8.999199e-01,7.555153e-03,0,0,4.906620e-05,-2.965522e+00,2.458376e-01,4.266271e-01,-2.180628e+00,5.194713e-01,-2.108975e-01,-1.605086e-02,1.484822e+00,3.207634e-01,5.823640e-01,-6.372081e-01,8.786487e-03,2.617105e-02,0,0
1.688011e-04,-1.298042e+01,2.671900e+00,-5.492451e+00,-3.290148e+00,1.775387e+00,-1.946211e+00,-1.435643e+00,2.803564e+00,1.059236e+00,4.245815e+00,-1.752316e+00,1.908240e+00,4.351768e-02,0,0,9.318917e-05,-3.778666e+00,2.382340e-01,-5.636889e-01,-2.516750e+00,5.801617e-01,1.511281e-01,4.216051e-03,2.506290e+00,-3.046299e-01,1.793709e-02,9.081779e-01,-3.514705e-02,4.910849e-02,0,0
3.060853e-04,-1.737374e+01,3.389183e+00,-6.820650e+00,-8.041676e+00,1.463061e+00,-2.237616e+00,-1.655645e+00,6.536808e+00,-3.303942e-01,3.677450e+00,2.564972e-01,1.829318e+00,1.118163e-01,0,0,1.303087e-04,-3.318547e+00,3.699729e-01,-1.662236e+00,-1.028632e+00,5.192140e-01,5.475641e-01,-1.937703e-01,2.225500e+00,-1.213098e+00,-6.664565e-01,2.209491e+00,-7.028731e-02,5.917195e-02,0,0
4.600774e-04,-2.036127e+01,3.200289e+00,-9.486831e+00,-6.704963e+00,1.409673e+00,-1.922733e-01,-2.119960e+00,8.272142e+00,-2.785036e+00,1.254266e+00,3.142644e+00,7.550676e-01,1.934119e-01,0,0,1.394757e-04,-1.894203e+00,4.646706e-01,-2.043982e+00,1.469162e+00,6.181110e-01,7.882768e-01,1.713285e-01,9.415032e-01,-1.065384e+00,-1.143102e-01,2.327745e+00,-1.003952e-01,4.164400e-02,0,0
6.084990e-04,-2.107963e+01,4.426379e+00,-1.173016e+01,-3.089362e+00,2.422815e+00,-6.083987e-01,-2.869196e+00,7.708317e+00,-3.267136e+00,2.367378e+00,5.918194e+00,1.125070e+00,2.284678e-01,0,0,1.040395e-04,-3.877043e-01,2.610928e-01,-1.722521e+00,2.948470e+00,8.435453e-01,1.313137e+00,1.069044e+00,3.909644e-01,-1.957987e-01,5.464748e-01,1.830613e+00,2.007538e-01,-4.230902e-04,0,0
7.149729e-04,-2.059849e+01,4.476655e+00,-1.325761e+01,1.579504e+00,4.386065e+00,1.180565e+00,2.777418e-02,6.925326e+00,-2.799312e+00,4.329300e+00,7.055561e+00,1.758388e+00,1.934119e-01,0,0,2.936108e-05,1.037751e+00,-1.686258e-02,-8.932210e-01,2.428856e+00,3.656694e-01,1.073766e+00,1.380578e+00,4.560208e-01,9.797988e-01,7.945790e-01,5.100394e-01,5.975938e-01,-4.034451e-02,0,0
6.988349e-04,-1.919366e+01,4.056464e+00,-1.354787e+01,2.558439e+00,4.192591e+00,3.641650e+00,2.615708e+00,9.165038e+00,-1.302250e+00,4.872307e+00,7.453106e+00,2.331426e+00,1.097008e-01,0,0,-3.447708e-05,2.705305e+00,-1.094005e+00,-1.014743e-01,4.604282e-01,-9.780725e-01,2.031416e-01,6.004478e-01,1.668984e-01,6.275980e-01,-6.379975e-01,-1.926818e+00,3.852727e-01,-5.297673e-02,0,0
5.617149e-04,-1.611550e+01,3.300933e+00,-1.304408e+01,2.615417e+00,2.353132e+00,3.051533e+00,2.040478e+00,9.823886e+00,1.131515e+00,3.974696e+00,4.925385e+00,3.139858e+00,5.107283e-02,0,0,5.159122e-05,4.028842e+00,-2.629902e+00,2.380082e-01,-1.875869e+00,-2.386236e+00,-1.707404e+00,-9.436442e-01,-4.868119e-01,-3.399695e-01,-2.053021e+00,-4.694887e+00,-2.146125e-02,-3.735267e-02,1.670801e+01,5.388209e-02
5.127426e-04,-9.794602e+00,-4.557843e-01,-1.234429e+01,-1.305177e+00,-1.451080e+00,-5.281751e-01,-8.733087e-01,7.093529e+00,-2.094559e+00,-6.453075e-01,-2.650809e+00,2.360698e+00,3.475370e-02,0,0,2.773404e-04,4.305473e+00,-4.260294e+00,1.597437e-01,-3.504593e+00,-3.185382e+00,-3.183465e+00,-1.123874e+00,-8.979027e-01,-1.810767e+00,-2.650287e+00,-6.910159e+00,-7.552220e-01,-1.411302e-02,4.127541e+01,1.364246e-01
1.065975e-03,-5.153806e+00,-6.416729e+00,-1.266935e+01,-5.868033e+00,-4.723278e+00,-5.271545e+00,-2.945938e+00,5.527021e+00,-4.103004e+00,-3.176998e+00,-1.136692e+01,1.636446e+00,4.412209e-02,8.354003e+01,2.694105e-01,4.872404e-04,2.937952e+00,-4.619783e+00,1.119808e-01,-3.700711e+00,-2.763659e+00,-3.128011e+00,-1.619931e-01,4.289718e-02,-2.286635e+00,-1.726965e+00,-6.894909e+00,-8.786400e-01,-1.994560e-03,6.534310e+01,2.199775e-01
1.833407e-03,-3.147141e+00,-1.238618e+01,-1.293651e+01,-1.072280e+01,-8.196115e+00,-8.114133e+00,-5.104546e-01,6.823957e+00,-7.738824e+00,-4.803282e+00,-1.895154e+01,-6.929772e-01,4.261106e-02,1.646071e+02,5.474178e-01,4.582246e-04,8.522888e-01,-3.259319e+00,1.625055e-01,-2.289160e+00,-1.778973e+00,-2.272989e+00,6.420709e-01,1.190814e+00,-1.732745e+00,-3.969722e-01,-4.673791e+00,-1.435509e-01,-7.555149e-04,6.406116e+01,2.224049e-01
2.337585e-03,-4.749474e+00,-1.383279e+01,-1.218807e+01,-1.117933e+01,-8.092648e+00,-8.795543e+00,1.049085e+00,1.017316e+01,-7.479528e+00,-2.581144e+00,-2.139879e+01,2.734962e-01,3.717135e-02,2.444120e+02,8.261787e-01,1.730066e-04,-3.236071e-01,-1.014687e+00,5.552853e-01,-4.103841e-01,-9.457023e-01,-1.455687e+00,1.508658e-01,1.513900e+00,-1.110030e+00,2.330029e-01,-1.886278e+00,1.179202e+00,-2.810516e-03,3.841908e+01,1.404479e-01
2.168061e-03,-5.735325e+00,-1.304435e+01,-1.177241e+01,-1.009533e+01,-8.661263e+00,-1.013112e+01,3.395343e-01,1.072453e+01,-9.070021e+00,-2.928096e+00,-2.100383e+01,2.324418e+00,3.445150e-02,2.398698e+02,8.336403e-01,-1.453930e-04,-4.379862e-01,8.989246e-01,1.067098e+00,8.922383e-01,-5.741755e-01,-1.757336e+00,-1.453894e+00,1.107806e+00,-1.012164e-01,7.488549e-02,2.334637e-01,2.517265e+00,-2.538531e-03,1.397704e+01,5.423868e-02
1.763681e-03,-5.477749e+00,-1.116108e+01,-1.047498e+01,-8.233689e+00,-9.219215e+00,-1.154149e+01,-2.616604e+00,1.114623e+01,-8.987556e+00,-2.949577e+00,-1.977217e+01,6.023759e+00,3.414929e-02,2.380040e+02,8.285387e-01,-3.176927e-04,3.008184e-01,1.642783e+00,1.362646e+00,8.506230e-01,-6.124163e-01,-2.377510e+00,-2.328637e+00,3.290325e-01,4.941700e-01,-4.756848e-01,7.793608e-01,2.442962e+00,-2.417649e-03,-1.736007e+01,-5.874484e-02
1.393393e-03,-4.972934e+00,-9.227408e+00,-8.457569e+00,-7.734430e+00,-1.050371e+01,-1.552784e+01,-5.947083e+00,1.187645e+01,-7.490892e+00,-4.244638e+00,-1.859754e+01,9.018215e+00,3.142944e-02,2.376962e+02,8.174312e-01,-3.095518e-04,9.608887e-01,1.624660e+00,1.400311e+00,4.447578e-01,-4.698508e-01,-2.409272e+00,-1.791456e+00,-3.026001e-01,1.210601e+00,-7.085090e-01,4.778784e-01,1.154836e+00,-2.991841e-03,-4.000509e+01,-1.419953e-01
1.136455e-03,-3.626577e+00,-7.527344e+00,-7.032255e+00,-8.106663e+00,-1.023351e+01,-1.798473e+01,-7.450792e+00,1.124236e+01,-5.798242e+00,-4.301297e+00,-1.870514e+01,9.141408e+00,2.659414e-02,1.586984e+02,5.405591e-01,-2.407388e-04,1.414112e+00,1.131778e+00,1.031546e+00,1.110600e-01,-2.683549e-01,-1.463677e+00,-4.614305e-01,-1.510259e+00,9.052340e-01,-6.154560e-01,-1.329397e-01,-1.116032e+00,-3.596253e-03,-6.342072e+01,-2.206855e-01
9.339149e-04,-1.856468e+00,-6.737915e+00,-6.492212e+00,-7.935055e+00,-1.050337e+01,-1.895586e+01,-6.200654e+00,9.163465e+00,-4.611671e+00,-5.794780e+00,-1.914795e+01,6.539776e+00,2.326987e-02,7.949717e+01,2.676534e-01,-1.724896e-04,1.679574e+00,7.142586e-01,6.506488e-01,4.990031e-01,-1.237795e-01,1.770344e-02,7.807960e-01,-2.659008e+00,8.359103e-02,-4.076168e-01,-1.414537e-01,-2.339125e+00,-3.294047e-03,-6.340909e+01,-2.175421e-01
7.897263e-04,3.457991e-02,-6.746931e+00,-6.299929e+00,-7.578077e+00,-1.056116e+01,-1.714586e+01,-4.796970e+00,4.951430e+00,-5.900997e+00,-5.251786e+00,-2.016166e+01,1.682821e+00,2.024781e-02,0,0,-1.224651e-04,1.642224e+00,5.822799e-01,2.180012e-01,9.273930e-01,-2.774038e-01,8.093991e-01,9.356124e-01,-3.083832e+00,-1.013971e+00,-3.594854e-01,3.940588e-01,-2.260854e+00,-2.629193e-03,-3.968940e+01,-1.348772e-01
7.043096e-04,1.594359e+00,-6.046322e+00,-5.570488e+00,-5.503708e+00,-1.095878e+01,-1.585876e+01,-3.370013e+00,1.726873e+00,-7.021559e+00,-5.807477e+00,-1.857654e+01,1.051883e+00,1.813237e-02,0,0,-8.511716e-05,1.320583e+00,9.143326e-01,-1.369514e-01,1.464253e+00,-2.425318e-01,9.743406e-01,5.111228e-01,-2.097208e+00,-1.761973e+00,-5.502006e-01,1.559809e+00,-1.325793e+00,-2.115443e-03,-1.589943e+01,-5.353069e-02
6.389322e-04,2.859130e+00,-4.961740e+00,-6.403111e+00,-4.685371e+00,-1.139282e+01,-1.548629e+01,-4.188050e+00,-4.585048e-01,-9.663152e+00,-6.092375e+00,-1.702054e+01,5.810856e-01,1.601692e-02,0,0,-7.272425e-05,7.182102e-01,1.383921e+00,-6.389351e-01,1.849361e+00,-1.689243e-02,9.208013e-01,3.970952e-02,-3.953253e-01,-1.950008e+00,-1.272069e+00,2.214850e+00,-2.907617e-01,-7.555154e-04,0,0
5.837262e-04,3.334174e+00,-3.058847e+00,-7.125378e+00,-2.060142e+00,-1.130020e+01,-1.491394e+01,-3.949500e+00,1.382390e+00,-1.154046e+01,-8.125488e+00,-1.291946e+01,4.616804e-01,1.480810e-02,0,0,-7.429647e-05,-3.664611e-01,1.618947e+00,-9.495710e-01,1.857343e+00,5.712615e-01,1.632471e+00,-3.407524e-01,1.444794e+00,-1.425720e+00,-1.599753e+00,2.017274e+00,-2.591376e-01,2.750076e-03,0,0
4.863968e-04,2.755723e+00,-1.321063e+00,-8.717159e+00,-5.305608e-02,-1.047491e+01,-1.301426e+01,-4.308680e+00,3.147045e+00,-1.339159e+01,-1.045313e+01,-1.191595e+01,5.241143e-01,1.813237e-02,0,0,-4.772418e-05,-1.682064e+00,1.506431e+00,-1.155247e+00,1.385440e+00,6.438665e-01,2.471601e+00,-3.407991e-01,2.388820e+00,2.248569e-01,-1.126692e+00,1.052534e+00,-4.578245e-01,8.612876e-03,0,0
4.090950e-04,-1.862434e-01,2.280757e-01,-9.161319e+00,1.466850e+00,-8.561427e+00,-8.932416e+00,-5.013461e+00,7.148067e+00,-1.228594e+01,-1.162587e+01,-1.104247e+01,-2.153189e-01,3.082502e-02,0,0,2.979932e-05,-2.870309e+00,1.118228e+00,-8.934203e-01,1.155116e-01,2.272284e-01,3.151517e+00,-2.444463e-01,2.137762e+00,1.684559e+00,2.383844e-01,1.179795e-01,-9.827465e-01,1.308552e-02,0,0
4.876269e-04,-3.790983e+00,9.269513e-01,-1.116137e+01,4.783347e-01,-9.542874e+00,-6.119043e+00,-5.360065e+00,8.602757e+00,-8.166125e+00,-9.975645e+00,-1.269637e+01,-1.369537e+00,5.107284e-02,0,0,1.260640e-04,-3.275329e+00,6.688142e-01,-2.551298e-01,-7.670605e-01,-2.670408e-01,3.141410e+00,6.084291e-01,1.080481e+00,2.552610e+00,1.800850e+00,3.092204e-01,-1.142460e+00,1.072832e-02,0,0
7.321077e-04,-7.744020e+00,1.408285e+00,-1.037037e+01,-1.748279e+00,-1.063007e+01,-2.603969e+00,-4.646039e+00,9.343341e+00,-5.730398e+00,-7.172307e+00,-1.193935e+01,-3.505226e+00,6.376549e-02,0,0,1.492370e-04,-2.389223e+00,2.881188e-01,3.212248e-01,-1.236082e+00,-2.791286e-01,2.023956e+00,1.001993e+00,-2.847188e-01,2.023677e+00,2.193830e+00,7.563003e-01,-3.336450e-01,1.994560e-03,0,0
9.552104e-04,-9.842033e+00,1.432904e+00,-9.388282e+00,-2.280794e+00,-1.077579e+01,-4.714355e-01,-1.450245e+00,7.451811e+00,-3.906311e+00,-3.675656e+00,-9.921405e+00,-3.543233e+00,5.530372e-02,0,0,1.333006e-04,-6.920893e-01,-8.763067e-01,8.225495e-01,-1.842221e+00,1.939014e-01,1.714051e-01,5.421745e-01,-4.347131e-01,5.951146e-01,1.310156e+00,6.443859e-01,8.423007e-01,-7.706256e-03,1.980280e+01,5.356454e-02
9.214884e-04,-9.106834e+00,1.415694e+00,-8.441741e+00,-3.333998e+00,-9.340611e+00,-1.636442e+00,-1.958405e+00,6.299946e+00,-4.297466e+00,-3.806713e+00,-8.648449e+00,-7.966959e-01,3.868238e-02,0,0,1.437596e-04,1.065559e+00,-2.644246e+00,5.162884e-01,-2.939030e+00,-1.060136e-01,-2.020447e+00,-7.421539e-01,1.426682e-01,-9.752007e-01,-5.180799e-01,-9.656552e-01,1.614358e+00,-1.063766e-02,4.945013e+01,1.368475e-01
1.059439e-03,-6.570023e+00,-3.458287e+00,-8.012942e+00,-7.939913e+00,-9.218099e+00,-5.745781e+00,-3.993010e+00,7.950889e+00,-5.907019e+00,-5.107660e+00,-1.111989e+01,1.487701e+00,2.508311e-02,9.901400e+01,2.678227e-01,2.397630e-04,2.002707e+00,-4.383774e+00,2.839770e-01,-4.024869e+00,-8.034703e-01,-2.962449e+00,-1.384377e+00,1.218772e+00,-2.249586e+00,-1.903198e+00,-2.775716e+00,1.319511e+00,-6.860080e-03,7.778300e+01,2.187891e-01
1.398791e-03,-4.052231e+00,-9.367347e+00,-8.476600e+00,-1.361387e+01,-1.193899e+01,-1.006903e+01,-7.085426e+00,9.807143e+00,-9.606048e+00,-9.046704e+00,-1.616839e+01,2.051097e+00,2.568752e-02,1.977437e+02,5.503263e-01,3.531662e-04,1.771138e+00,-4.755001e+00,4.351771e-01,-3.781621e+00,-1.565770e+00,-2.486451e+00,-2.748116e-01,1.763641e+00,-2.080981e+00,-1.604487e+00,-3.245366e+00,3.659267e-01,-1.390148e-03,7.412308e+01,2.194597e-01
1.915374e-03,-2.355799e+00,-1.509445e+01,-7.950967e+00,-1.726521e+01,-1.349395e+01,-1.106739e+01,-5.808618e+00,1.179207e+01,-1.249995e+01,-1.057165e+01,-2.004002e+01,1.630428e+00,2.750076e-02,2.900432e+02,8.187823e-01,3.118938e-04,1.127844e+00,-3.231469e+00,1.249618e+00,-2.106089e+00,-1.646910e+00,-1.158940e+00,1.395792e+00,1.282789e+00,-1.136217e+00,1.159212e-01,-1.760673e+00,-9.097910e-03,1.450589e-03,3.962174e+01,1.356313e-01
2.259352e-03,-2.358256e+00,-1.654123e+01,-6.296843e+00,-1.757946e+01,-1.503153e+01,-1.140789e+01,-2.424659e+00,1.319756e+01,-1.140591e+01,-9.097156e+00,-2.041521e+01,9.615744e-01,3.052282e-02,2.751008e+02,8.218188e-01,1.287197e-04,4.109944e-01,-1.113062e+00,2.043314e+00,-6.326655e-01,-1.404466e+00,-6.925481e-01,2.315249e+00,-3.491897e-01,-3.293335e-01,2.273160e+00,2.355743e-01,-1.515500e-01,7.252952e-04,7.273969e+00,4.744997e-02
2.188628e-03,-1.777788e+00,-1.602869e+01,-2.854729e+00,-1.648756e+01,-1.590638e+01,-1.087105e+01,6.555651e-01,1.266962e+01,-1.068817e+01,-4.502828e+00,-1.779984e+01,1.986973e+00,2.991840e-02,2.584441e+02,8.102329e-01,-1.417619e-04,7.577391e-02,8.127462e-01,1.807735e+00,3.432867e-01,-1.592830e+00,-1.322329e+00,1.524680e+00,-2.563180e+00,-3.427024e-01,2.842491e+00,1.445447e+00,-3.306022e-01,-7.252945e-04,-2.735914e+01,-6.255494e-02
1.905763e-03,-2.286265e+00,-1.446554e+01,-8.081479e-01,-1.716602e+01,-1.775511e+01,-1.362994e+01,1.258726e+00,7.622419e+00,-1.215860e+01,-7.153155e-01,-1.611060e+01,1.115075e+00,2.810517e-02,2.499130e+02,7.918509e-01,-3.433677e-04,-5.821899e-02,1.959800e+00,7.863150e-01,7.861835e-01,-1.424958e+00,-2.001864e+00,1.557954e-01,-4.256516e+00,-5.207966e-01,1.949701e+00,1.617928e+00,-6.761073e-01,-1.752796e-03,-4.752675e+01,-1.432731e-01
1.383359e-03,-2.012925e+00,-1.206856e+01,-1.656639e+00,-1.575549e+01,-2.009632e+01,-1.656801e+01,-2.690768e-02,1.763742e+00,-1.383711e+01,-5.501142e-01,-1.496509e+01,-9.933337e-02,2.508311e-02,1.658414e+02,5.209916e-01,-4.104488e-04,-1.474099e-01,2.535568e+00,-2.051254e-01,1.661509e+00,-8.046667e-01,-1.592079e+00,-9.507407e-01,-4.232770e+00,6.507162e-01,3.520252e-01,1.287828e+00,-1.183804e+00,-1.239046e-03,-6.830328e+01,-2.162243e-01
9.451483e-04,-2.531783e+00,-8.722295e+00,-2.964313e+00,-1.401458e+01,-2.006135e+01,-1.856874e+01,-1.304445e+00,-2.632076e+00,-1.243542e+01,-1.325007e+00,-1.374295e+01,-1.375809e+00,2.417649e-02,8.376839e+01,2.500739e-01,-3.809519e-04,6.641205e-02,2.595066e+00,-5.022674e-01,2.659889e+00,1.155132e-01,4.343949e-02,-8.627179e-01,-2.165931e+00,2.224584e+00,-5.238975e-01,1.664267e+00,-1.020732e+00,-2.417654e-04,-6.656674e+01,-2.104693e-01
6.166909e-04,-2.392079e+00,-6.222474e+00,-2.802273e+00,-9.755739e+00,-1.877659e+01,-1.636205e+01,-2.816553e+00,-3.366979e+00,-7.296185e+00,-2.437856e+00,-1.254453e+01,-2.686607e+00,2.568752e-02,0,0,-2.726350e-04,3.821166e-01,1.948149e+00,-3.823957e-01,2.820615e+00,7.270767e-01,1.135645e+00,-1.696645e-01,4.741375e-01,2.880861e+00,-8.129306e-01,1.512487e+00,-8.826497e-01,3.626469e-04,-4.154512e+01,-1.292057e-01
3.843373e-04,-1.764628e+00,-4.413252e+00,-2.746668e+00,-6.866449e+00,-1.783740e+01,-1.351572e+01,-1.660041e+00,-6.418765e-01,-4.306146e+00,-2.390932e+00,-8.999551e+00,-2.694949e+00,2.659414e-02,0,0,-1.636158e-04,6.656977e-01,9.125759e-01,-3.975903e-01,2.251177e+00,6.089384e-01,1.453293e+00,1.128268e+00,3.021984e+00,2.047910e+00,-9.391199e-01,1.230546e+00,-5.910941e-01,0,-1.675368e+01,-5.001479e-02
3.005896e-04,-4.859188e-01,-4.482336e+00,-3.677440e+00,-5.226481e+00,-1.757291e+01,-1.341629e+01,-6.974323e-01,3.139329e+00,-3.497446e+00,-4.081805e+00,-9.774354e+00,-3.853012e+00,2.568752e-02,0,0,-7.758577e-05,4.279196e-01,3.262216e-01,-3.383892e-01,1.194313e+00,7.685205e-01,1.069605e+00,1.884376e+00,3.975475e+00,4.250954e-01,-1.396152e+00,1.372845e-01,-4.031502e-01,-4.835296e-04,0,0
2.851197e-04,-1.563739e-01,-5.029484e+00,-4.514681e+00,-5.023320e+00,-1.761850e+01,-1.277515e+01,3.277334e+00,9.224689e+00,-4.095238e+00,-5.198633e+00,-8.975308e+00,-3.748077e+00,2.417649e-02,0,0,-1.116543e-05,-4.910769e-01,3.608631e-01,4.234506e-01,-1.711265e-01,1.334920e+00,1.120653e+00,1.362339e+00,3.311257e+00,-9.252777e-01,-1.466869e+00,-6.717557e-01,-4.313745e-01,6.044134e-05,0,0
2.783708e-04,-1.056608e+00,-4.283250e+00,-3.610212e+00,-4.705739e+00,-1.504344e+01,-1.138431e+01,4.136639e+00,1.157712e+01,-5.276161e+00,-8.014768e+00,-1.187022e+01,-4.175794e+00,2.447869e-02,0,0,5.748551e-05,-1.718180e+00,8.633523e-01,1.681330e+00,-1.981284e+00,1.624033e+00,1.489254e+00,-3.768624e-01,1.636419e+00,-2.055158e+00,-7.178497e-01,-8.965066e-01,-1.718057e-01,1.662134e-03,0,0
3.396196e-04,-3.934669e+00,-2.708480e+00,-6.630288e-01,-7.982452e+00,-1.242754e+01,-8.928442e+00,2.734618e+00,1.169552e+01,-8.043177e+00,-7.758798e+00,-1.131039e+01,-4.690430e+00,2.750076e-02,0,0,1.460881e-04,-2.480989e+00,1.167314e+00,2.476458e+00,-4.122156e+00,8.665770e-01,1.870480e+00,-2.639579e+00,-6.029100e-01,-2.985847e+00,9.764540e-01,-1.021292e+00,1.244522e-01,2.961620e-03,3.332816e+01,5.149671e-02
5.607673e-04,-7.187672e+00,-1.326077e+00,2.803384e+00,-1.365334e+01,-1.204822e+01,-7.893371e+00,-2.310386e+00,1.008601e+01,-1.179927e+01,-6.390971e+00,-1.308934e+01,-4.240864e+00,3.233605e-02,0,0,2.457798e-04,-2.360369e+00,8.277720e-01,2.267771e+00,-5.291348e+00,-9.493519e-01,2.041616e+00,-3.736722e+00,-1.772143e+00,-3.057114e+00,3.060666e+00,-6.013304e-01,7.251071e-01,2.689634e-03,8.342488e+01,1.313363e-01
8.743621e-04,-9.495786e+00,-6.715009e-01,4.660812e+00,-2.116030e+01,-1.478322e+01,-5.168225e+00,-6.697048e+00,6.955690e+00,-1.576292e+01,-1.128261e+00,-1.347221e+01,-3.093282e+00,3.505591e-02,1.666408e+02,2.574835e-01,3.037562e-04,-1.469152e+00,2.938345e-01,1.395323e+00,-4.577558e+00,-2.339133e+00,2.209952e+00,-3.282298e+00,-2.110061e+00,-2.222785e+00,4.084311e+00,-2.840123e-01,1.240253e+00,6.648533e-04,1.331387e+02,2.120273e-01
1.239899e-03,-1.007790e+01,-1.162880e+00,5.066724e+00,-2.457356e+01,-1.861235e+01,-3.056343e+00,-9.831135e+00,5.086311e+00,-1.670186e+01,3.973294e+00,-1.379597e+01,-1.348833e+00,3.414929e-02,3.338040e+02,5.279399e-01,3.119996e-04,-3.567208e-01,7.807624e-02,7.501419e-01,-2.118001e+00,-2.145537e+00,1.986390e+00,-1.742954e+00,-1.610949e+00,-2.434186e-01,4.105734e+00,1.081727e+00,1.448379e+00,-1.420369e-03,1.320145e+02,2.117048e-01
1.518835e-03,-9.835316e+00,-1.320906e+00,5.181915e+00,-2.541013e+01,-2.084114e+01,-2.971981e-01,-9.916499e+00,3.645063e+00,-1.670581e+01,7.480621e+00,-1.237714e+01,6.481720e-02,2.991840e-02,4.987916e+02,7.961667e-01,3.030360e-04,4.620360e-01,2.451698e-01,6.071553e-01,6.198937e-01,-1.016604e+00,1.123088e+00,-1.563035e-01,-9.061236e-01,2.037762e+00,3.154470e+00,2.259865e+00,1.384043e+00,-1.964340e-03,8.012187e+01,1.231034e-01
1.798529e-03,-8.801511e+00,-6.109930e-01,6.293542e+00,-2.211843e+01,-1.974695e+01,-3.969358e-01,-9.415429e+00,3.686579e+00,-1.254492e+01,9.833257e+00,-8.228244e+00,1.421983e+00,2.780296e-02,4.939971e+02,7.891824e-01,2.658473e-04,6.466368e-01,3.463313e-01,6.863405e-01,1.922961e+00,-3.803097e-01,2.199527e-01,2.704528e-01,-5.720719e-01,2.955314e+00,2.263855e+00,2.552754e+00,1.062904e+00,-5.137503e-04,2.622194e+01,3.759475e-02
2.110227e-03,-7.823799e+00,2.784047e-01,7.083180e+00,-1.928840e+01,-1.929894e+01,-8.824905e-01,-7.686419e+00,3.124938e+00,-7.652582e+00,1.171411e+01,-4.956748e+00,2.441523e+00,2.840737e-02,4.871537e+02,7.423792e-01,1.986134e-04,3.297470e-01,-6.183686e-02,5.224311e-01,1.647878e+00,-9.176376e-01,-5.405111e-01,-3.452395e-01,-4.986878e-01,2.240583e+00,1.481486e+00,1.201705e+00,5.190639e-01,1.359927e-03,-1.100352e+01,-1.212367e-02
2.273439e-03,-7.850471e+00,-2.308784e-01,7.547794e+00,-1.801962e+01,-2.128500e+01,-1.663933e+00,-9.593911e+00,2.486014e+00,-6.451902e+00,1.317583e+01,-4.742397e+00,2.777335e+00,3.233605e-02,4.707327e+02,7.428074e-01,6.405115e-05,-2.286212e-01,-7.074769e-01,2.126009e-01,2.762028e-01,-1.995090e+00,-5.543664e-01,-1.097614e+00,-2.960106e-01,-1.549364e-01,7.383833e-01,-8.829805e-01,2.750386e-02,2.115443e-03,-1.412331e+01,3.365618e-03
2.274447e-03,-8.662101e+00,-1.820147e+00,7.166945e+00,-1.922015e+01,-2.466030e+01,-2.366255e+00,-1.155346e+01,1.751907e+00,-8.549403e+00,1.321677e+01,-8.111541e+00,1.982461e+00,3.445150e-02,4.554062e+02,7.587358e-01,-8.246601e-05,-3.946237e-01,-9.467852e-01,5.401568e-02,-4.824806e-01,-1.994214e+00,-4.256135e-01,-1.087838e+00,2.228352e-01,-1.955213e+00,-2.364168e-02,-1.937091e+00,-2.051963e-01,1.269266e-03,-1.402709e+01,1.456435e-02
2.036675e-03,-9.525466e+00,-3.099101e+00,7.314664e+00,-2.077154e+01,-2.704172e+01,-2.426886e+00,-1.296998e+01,2.893042e+00,-1.287119e+01,1.277384e+01,-1.106575e+01,1.789034e+00,3.535812e-02,4.392542e+02,7.978322e-01,-1.829613e-04,-1.501720e-01,-7.539931e-01,-2.692456e-02,-3.374680e-01,-1.113160e+00,-3.248449e-01,-1.201084e-01,5.590767e-01,-2.266704e+00,-4.762503e-01,-1.789869e+00,-2.478230e-01,-2.417650e-04,-1.129276e+01,9.492981e-03
1.816279e-03,-8.959420e+00,-3.021410e+00,7.469823e+00,-2.032484e+01,-2.639165e+01,-2.629081e+00,-1.143757e+01,4.035600e+00,-1.421901e+01,1.179689e+01,-1.148053e+01,1.909692e+00,3.324267e-02,4.327574e+02,7.876886e-01,-2.225762e-04,2.739279e-01,-4.840587e-01,-1.834485e-01,5.154839e-01,-1.194511e-01,-4.157852e-01,9.053381e-01,7.245874e-01,-1.599644e+00,-7.277888e-01,-8.552800e-01,4.276892e-02,-1.269266e-03,-2.250525e+01,-2.760351e-04
1.587716e-03,-8.452671e+00,-3.400213e+00,7.261732e+00,-1.915461e+01,-2.598512e+01,-3.156745e+00,-1.025239e+01,4.139551e+00,-1.495062e+01,1.150451e+01,-1.200725e+01,1.574605e+00,3.173164e-02,4.255933e+02,7.757959e-01,-2.126737e-04,6.437935e-01,-3.907410e-01,-4.845353e-01,1.352426e+00,4.144848e-01,-7.177730e-01,1.350103e+00,3.685925e-01,-9.530196e-01,-4.614744e-01,-1.331038e-01,4.167882e-01,-1.662134e-03,-4.128840e+01,-9.397829e-03
1.386045e-03,-7.828859e+00,-4.089885e+00,6.276168e+00,-1.745119e+01,-2.578586e+01,-4.080251e+00,-8.385558e+00,4.751590e+00,-1.550791e+01,1.021249e+01,-1.191719e+01,2.303520e+00,2.991840e-02,3.497104e+02,7.683738e-01,-2.124283e-04,8.914192e-01,-3.660650e-01,-6.766405e-01,1.769433e+00,7.031078e-01,-7.741303e-01,1.002724e+00,3.482547e-01,-9.475223e-01,-3.142830e-01,2.610517e-01,9.074270e-01,-1.752795e-03,-7.468125e+01,-5.787418e-02
1.188423e-03,-6.871779e+00,-4.518569e+00,5.488815e+00,-1.544623e+01,-2.527220e+01,-5.290165e+00,-7.745474e+00,4.378009e+00,-1.699184e+01,1.125867e+01,-1.151294e+01,3.676060e+00,2.870958e-02,2.743357e+02,7.605004e-01,-2.246910e-04,1.278046e+00,1.325946e-02,-4.023266e-01,2.113196e+00,1.294503e+00,-3.824423e-01,6.866230e-01,2.548523e-01,-8.614461e-01,-4.976076e-01,3.032940e-01,9.538420e-01,-2.266545e-03,-9.325269e+01,-1.312724e-01
9.537840e-04,-5.292770e+00,-4.292557e+00,4.973079e+00,-1.333186e+01,-2.323258e+01,-5.433023e+00,-7.677413e+00,5.657644e+00,-1.793601e+01,1.034840e+01,-1.042242e+01,5.396100e+00,2.598973e-02,1.349800e+02,5.059654e-01,-2.424656e-04,1.502677e+00,6.236783e-01,1.011620e-01,2.341809e+00,2.092715e+00,4.853264e-01,5.235660e-01,-1.804528e-01,1.932312e-01,-1.256151e+00,2.638493e-02,4.263430e-01,-2.931399e-03,-9.070615e+01,-2.046610e-01
6.803917e-04,-3.330486e+00,-3.232579e+00,5.901644e+00,-1.064830e+01,-2.078925e+01,-4.392570e+00,-7.173353e+00,4.960785e+00,-1.804380e+01,8.948521e+00,-1.123816e+01,4.797525e+00,2.236325e-02,6.669506e+01,2.506380e-01,-2.274351e-04,1.419126e+00,1.200694e+00,4.502459e-01,2.106843e+00,2.269273e+00,1.063417e+00,6.712282e-01,-7.730513e-01,2.167753e+00,-1.672624e+00,-1.052367e-01,-3.728310e-01,-2.810517e-03,-6.836514e+01,-2.026966e-01
4.277330e-04,-2.086122e+00,-1.614488e+00,6.575564e+00,-8.141114e+00,-1.756376e+01,-2.102417e+00,-6.053789e+00,3.557938e+00,-1.401577e+01,5.086807e+00,-1.192265e+01,3.874503e+00,1.843457e-02,0,0,-1.684262e-04,1.033229e+00,1.502324e+00,5.509895e-01,1.581373e+00,1.678121e+00,7.138411e-01,5.654207e-01,-1.337536e+00,4.014777e+00,-1.273288e+00,-1.166418e-01,-1.087752e+00,-1.239046e-03,-3.366550e+01,-1.262569e-01
3.142732e-04,-1.379472e+00,1.458695e-01,6.938802e+00,-7.507395e+00,-1.676024e+01,-1.638386e+00,-5.201145e+00,1.562606e+00,-8.113194e+00,5.526350e+00,-1.128901e+01,2.572704e+00,1.843457e-02,0,0,-8.544700e-05,5.213634e-01,1.239366e+00,1.145671e-01,9.569679e-01,8.590740e-01,-3.753376e-01,1.736472e-01,-5.869513e-01,4.447452e+00,-6.512779e-01,1.079540e-01,-8.626933e-01,6.950736e-04,-1.333901e+01,-5.012760e-02
2.947121e-04,-1.102131e+00,1.529837e+00,7.209447e+00,-6.995446e+00,-1.685647e+01,-3.240910e+00,-5.836413e+00,6.690516e-01,-2.827431e+00,5.693040e+00,-1.098021e+01,1.069752e+00,2.175884e-02,0,0,-3.991698e-06,1.206495e-01,4.193107e-01,-3.528724e-01,3.538696e-01,1.964739e-01,-1.702056e+00,-2.379921e-01,7.259833e-01,2.602777e+00,-8.904362e-02,7.025490e-02,1.015893e-01,1.843457e-03,0,0
3.196672e-04,-1.215664e+00,1.392089e+00,6.157537e+00,-6.436294e+00,-1.684752e+01,-5.700012e+00,-6.413805e+00,3.470472e+00,-1.400707e+00,5.389015e+00,-1.116961e+01,1.886434e+00,2.417649e-02,0,0,5.830856e-05,-2.485509e-01,-6.176982e-01,-9.784082e-01,-3.110793e-01,1.719555e-01,-2.190300e+00,-4.013246e-01,2.328980e+00,-1.122725e-02,-1.960788e-02,9.861584e-02,1.503976e+00,1.208825e-03,0,0
4.050776e-04,-1.564778e+00,-1.410441e-01,5.201834e+00,-6.907317e+00,-1.653775e+01,-8.581882e+00,-6.637419e+00,6.233921e+00,-4.358123e+00,4.710257e+00,-1.163107e+01,4.725585e+00,2.478090e-02,0,0,1.230808e-04,-5.193221e-01,-1.398244e+00,-1.283436e+00,-1.511937e+00,9.388027e-02,-1.919626e+00,-1.220956e-02,3.095794e+00,-2.050177e+00,8.236543e-01,2.720427e-01,2.319042e+00,1.813237e-04,1.245701e+01,5.141476e-02
5.506332e-04,-2.390903e+00,-2.107181e+00,3.050568e+00,-9.106856e+00,-1.605982e+01,-9.919399e+00,-6.807264e+00,1.042507e+01,-7.403984e+00,5.919702e+00,-1.047050e+01,8.264665e+00,2.296766e-02,0,0,1.903431e-04,-6.772376e-01,-1.570415e+00,-1.195700e+00,-2.483519e+00,-1.162918e-01,-1.175478e+00,5.776582e-01,3.108951e+00,-2.222329e+00,1.527139e+00,1.810442e-01,1.748494e+00,-2.115440e-04,3.106398e+01,1.286735e-01
7.946332e-04,-3.111122e+00,-3.711746e+00,2.345755e+00,-1.321985e+01,-1.678092e+01,-1.072935e+01,-5.700731e+00,1.267072e+01,-1.007668e+01,9.545968e+00,-9.969558e+00,9.475847e+00,2.326987e-02,6.228504e+01,2.570738e-01,2.274100e-04,-6.209682e-01,-1.439045e+00,-1.058268e+00,-2.860732e+00,-1.773869e-01,-4.471742e-01,1.165499e+00,2.691838e+00,-1.055237e+00,1.615310e+00,-3.688822e-01,7.293974e-01,1.511036e-04,4.944940e+01,2.057930e-01
1.076605e-03,-3.828680e+00,-4.674636e+00,1.607076e+00,-1.569762e+01,-1.730739e+01,-1.050367e+01,-3.993858e+00,1.579683e+01,-9.653076e+00,1.060685e+01,-1.109515e+01,8.253771e+00,2.387428e-02,1.241774e+02,5.148308e-01,1.971372e-04,-3.433072e-01,-1.324303e+00,-8.949544e-01,-2.322467e+00,9.715328e-02,-2.413075e-01,1.343793e+00,1.786240e+00,3.459657e-01,7.104715e-01,-1.173157e+00,-1.614888e-01,6.044125e-04,4.888453e+01,2.064719e-01
1.279142e-03,-3.950731e+00,-6.052540e+00,6.322412e-01,-1.791559e+01,-1.680090e+01,-1.052562e+01,-2.216627e+00,1.700723e+01,-8.509763e+00,1.044323e+01,-1.316316e+01,8.378018e+00,2.508311e-02,1.851583e+02,7.715497e-01,9.333606e-05,-1.068456e-02,-1.356370e+00,-8.816475e-01,-1.142599e+00,8.048194e-01,-1.596287e-01,1.217179e+00,7.835521e-01,1.451245e+00,-5.089844e-01,-1.407780e+00,-3.640961e-01,4.230888e-04,1.764259e+01,7.808718e-02
1.294065e-03,-3.687635e+00,-7.558299e+00,-5.674477e-01,-1.837132e+01,-1.556407e+01,-1.122780e+01,-1.830351e+00,1.718802e+01,-6.457612e+00,9.023428e+00,-1.473948e+01,8.006135e+00,2.508311e-02,1.829860e+02,7.751215e-01,-2.637417e-05,2.449705e-01,-1.352750e+00,-6.387320e-01,-1.072357e-01,1.407749e+00,-1.456606e-01,5.256297e-01,-1.635451e-01,1.745314e+00,-7.440604e-01,-7.870958e-01,-2.789546e-01,9.066165e-05,-1.921940e+01,-7.625559e-02
1.152583e-03,-3.235067e+00,-9.051765e+00,-9.752206e-01,-1.759600e+01,-1.362849e+01,-1.116543e+01,-6.965871e-01,1.589289e+01,-4.418181e+00,7.792759e+00,-1.518629e+01,7.779185e+00,2.478090e-02,1.210937e+02,5.173644e-01,-1.056383e-04,4.092256e-01,-9.999124e-01,-1.370554e-01,9.427162e-01,1.525146e+00,-1.299051e-01,-7.683740e-01,-6.011981e-01,1.735307e+00,-5.027506e-01,4.295063e-01,-4.146074e-01,-1.813240e-04,-4.931899e+01,-2.057575e-01
1.008013e-03,-2.961660e+00,-9.938771e+00,-7.828526e-01,-1.639360e+01,-1.185486e+01,-1.091207e+01,-2.125729e+00,1.553627e+01,-2.972298e+00,8.211788e+00,-1.401906e+01,7.158415e+00,2.447869e-02,6.011272e+01,2.606455e-01,-1.203120e-04,4.977381e-01,-3.791736e-01,5.172955e-01,1.599262e+00,1.021258e+00,-1.307564e-01,-2.298832e+00,-9.319509e-01,1.570731e+00,2.066866e-01,1.638053e+00,-3.968752e-01,-2.115447e-04,-4.870657e+01,-2.067607e-01
8.939760e-04,-2.267591e+00,-9.861866e+00,5.466648e-02,-1.419087e+01,-1.102977e+01,-1.133301e+01,-5.910809e+00,1.482711e+01,-1.575884e+00,8.335298e+00,-1.137584e+01,6.728841e+00,2.447869e-02,0,0,-7.815320e-05,5.177623e-01,8.577623e-02,8.693787e-01,1.724749e+00,-7.731829e-02,-2.619166e-01,-3.116862e+00,-8.154338e-01,1.320446e+00,4.447439e-01,1.947604e+00,-4.424684e-01,-9.066202e-05,-1.216683e+01,-8.252849e-02
8.218090e-04,-1.682683e+00,-9.049116e+00,1.504086e+00,-1.207757e+01,-1.175713e+01,-1.179779e+01,-1.071740e+01,1.306115e+01,-2.510587e-02,9.785592e+00,-8.454444e+00,6.546931e+00,2.417649e-02,0,0,-2.029021e-05,3.846661e-01,1.292209e-01,8.001804e-01,1.149375e+00,-1.087224e+00,-5.131073e-02,-2.078238e+00,-4.483050e-01,8.581834e-01,2.911631e-01,1.267824e+00,-6.230717e-01,6.044097e-05,1.507222e+01,1.838431e-02
8.549194e-04,-1.285744e+00,-9.067712e+00,2.228204e+00,-1.113026e+01,-1.406394e+01,-1.203215e+01,-1.198506e+01,1.305328e+01,7.104532e-01,9.229577e+00,-8.230582e+00,5.872585e+00,2.447869e-02,9.031589e+01,2.350447e-01,2.223454e-05,1.354364e-01,-1.990252e-01,2.384294e-01,1.564541e-02,-1.460189e+00,3.345982e-01,3.359872e-01,4.657609e-01,-2.060254e-01,-5.603142e-02,4.847365e-02,-8.513557e-01,1.813238e-04,2.709477e+01,7.051342e-02
9.260904e-04,-1.529252e+00,-9.689744e+00,2.131281e+00,-1.217703e+01,-1.577389e+01,-1.081905e+01,-9.479793e+00,1.418166e+01,1.754508e-01,9.220464e+00,-9.252567e+00,4.471185e+00,2.478090e-02,9.031589e+01,2.350447e-01,2.858293e-05,-7.467353e-02,-4.699430e-01,-3.414665e-01,-7.918314e-01,-9.058880e-01,5.113518e-01,2.725377e+00,9.881579e-01,-1.159746e+00,-3.132713e-01,-7.212964e-01,-1.142653e+00,1.813240e-04,0,0
9.530080e-04,-1.667124e+00,-1.053668e+01,9.332160e-01,-1.406292e+01,-1.632234e+01,-1.014939e+01,-4.849676e+00,1.659566e+01,-2.706289e+00,8.337705e+00,-1.073441e+01,3.509935e+00,2.508311e-02,9.031589e+01,2.350447e-01,6.510253e-06,-2.080590e-01,-4.052345e-01,-4.625829e-01,-9.823419e-01,-5.098162e-02,2.068323e-01,3.896417e+00,6.278989e-01,-1.595593e+00,-6.051826e-02,-8.198766e-01,-1.058195e+00,-6.044116e-05,-2.709477e+01,-7.051342e-02
9.156793e-04,-1.865361e+00,-1.066435e+01,4.442479e-01,-1.457040e+01,-1.515737e+01,-1.018241e+01,-6.582095e-01,1.623075e+01,-4.115467e+00,8.665172e+00,-1.080901e+01,2.014992e+00,2.478090e-02,0,0,-1.286927e-05,-2.337136e-01,-1.323791e-01,-2.205571e-01,-6.319774e-01,4.882638e-01,-4.189845e-01,3.792407e+00,-2.759490e-01,-1.274206e+00,3.092481e-01,-6.309472e-01,-5.723563e-01,-2.115443e-04,-2.709477e+01,-7.051342e-02
8.926762e-04,-2.157985e+00,-1.060658e+01,7.588057e-01,-1.484529e+01,-1.462711e+01,-1.131631e+01,3.086231e+00,1.516823e+01,-5.122056e+00,9.204632e+00,-1.155174e+01,1.809708e+00,2.417649e-02,0,0,-2.448115e-05,-2.282178e-01,1.212244e-01,2.160095e-01,-1.113496e-01,4.736722e-01,-8.472328e-01,2.852392e+00,-1.358430e+00,-6.439655e-01,8.012368e-01,-1.137304e-01,-4.821062e-04,-3.022063e-04,-1.806318e+01,-4.700895e-02
8.919100e-04,-2.452390e+00,-1.031669e+01,1.115701e+00,-1.494573e+01,-1.418019e+01,-1.233052e+01,5.514288e+00,1.351563e+01,-4.987694e+00,1.033324e+01,-1.199864e+01,2.459517e+00,2.417649e-02,0,0,-3.084365e-05,-1.667481e-01,2.795671e-01,4.828919e-01,2.471025e-01,3.102360e-02,-8.635934e-01,1.821882e+00,-1.816746e+00,-4.056942e-01,8.228353e-01,4.956625e-01,4.391713e-01,-2.115441e-04,0,0
8.424869e-04,-2.514699e+00,-1.010439e+01,1.677537e+00,-1.443200e+01,-1.444257e+01,-1.331150e+01,6.326035e+00,1.116107e+01,-5.490004e+00,1.150985e+01,-1.070825e+01,3.285262e+00,2.387428e-02,0,0,-3.286967e-05,-7.865105e-02,3.654124e-01,5.601075e-01,4.110748e-01,-3.594145e-01,-5.633126e-01,9.031904e-01,-1.689091e+00,-3.713374e-01,6.701396e-01,1.053419e+00,2.924635e-01,-2.115441e-04,0,0
7.865557e-04,-2.520744e+00,-9.517611e+00,2.399341e+00,-1.354153e+01,-1.509452e+01,-1.350278e+01,6.831295e+00,9.150603e+00,-5.959964e+00,1.162674e+01,-8.752449e+00,3.473071e+00,2.387428e-02,0,0,-1.881851e-05,-1.014411e-01,5.140625e-01,5.417310e-01,1.806711e-01,-8.754038e-01,-1.963599e-01,5.210207e-01,-9.876984e-01,-6.470160e-01,4.512232e-01,1.019383e+00,5.975165e-02,-1.208823e-04,0,0
7.810050e-04,-2.517063e+00,-9.179059e+00,2.917523e+00,-1.349201e+01,-1.596702e+01,-1.354674e+01,6.943679e+00,8.905293e+00,-6.492607e+00,1.190858e+01,-7.907740e+00,2.765249e+00,2.326987e-02,0,0,1.260314e-05,-4.128750e-01,7.721817e-01,3.538487e-01,-3.443311e-01,-1.187962e+00,2.269899e-01,4.351510e-01,-6.057424e-02,-7.688529e-01,6.748031e-01,4.685020e-01,7.276640e-02,1.813233e-04,0,0
8.285584e-04,-2.958413e+00,-8.209039e+00,3.204363e+00,-1.451237e+01,-1.779498e+01,-1.319470e+01,7.810570e+00,9.705029e+00,-7.721472e+00,1.238999e+01,-8.301974e+00,3.018282e+00,2.387428e-02,0,0,3.620509e-05,-9.604150e-01,9.324616e-01,1.315112e-01,-5.863141e-01,-1.349006e+00,4.153653e-01,2.470693e-01,4.213520e-01,-8.106519e-01,1.085969e+00,1.436252e-01,5.478415e-01,5.137500e-04,0,0
8.845013e-04,-4.360239e+00,-6.897764e+00,3.044270e+00,-1.566824e+01,-1.903215e+01,-1.233059e+01,8.012153e+00,1.058098e+01,-8.453514e+00,1.450224e+01,-8.590975e+00,3.876489e+00,2.478090e-02,0,0,2.548731e-05,-1.285002e+00,9.479807e-01,4.126596e-03,-3.204547e-01,-1.219829e+00,3.460657e-01,-3.931355e-02,2.320043e-01,-5.338514e-01,1.097961e+00,3.135819e-01,1.100628e+00,6.648531e-04,0,0
9.158330e-04,-6.401231e+00,-5.995950e+00,2.993524e+00,-1.538499e+01,-2.030699e+01,-1.203403e+01,7.532405e+00,1.041952e+01,-9.032770e+00,1.575975e+01,-7.692706e+00,5.656658e+00,2.568752e-02,0,0,-2.709974e-05,-9.875312e-01,8.575284e-01,-1.820797e-01,2.648576e-01,-9.709732e-01,-1.992780e-01,-4.009149e-01,-4.796121e-01,1.899958e-02,5.452040e-01,7.042828e-01,1.186243e+00,2.719851e-04,0,0
8.648042e-04,-7.220665e+00,-5.545700e+00,3.043575e+00,-1.465797e+01,-2.081016e+01,-1.239674e+01,6.886194e+00,9.708070e+00,-8.506215e+00,1.571351e+01,-6.644465e+00,6.949201e+00,2.568752e-02,0,0,-9.360967e-05,-1.064415e-01,7.940398e-01,-5.711712e-01,6.073565e-01,-5.407044e-01,-9.147303e-01,-3.529060e-01,-1.111007e+00,4.550657e-01,-3.393787e-01,7.791853e-01,7.055721e-01,2.115445e-04,0,0
7.029083e-04,-6.465856e+00,-4.597429e+00,2.294312e+00,-1.369321e+01,-2.176085e+01,-1.415801e+01,6.368975e+00,7.743425e+00,-7.600124e+00,1.451038e+01,-5.753815e+00,7.413142e+00,2.478090e-02,0,0,-1.476399e-04,7.542076e-01,1.000510e+00,-1.115185e+00,6.638103e-01,4.373455e-02,-1.290190e+00,-3.555681e-01,-1.383052e+00,8.461097e-01,-9.630998e-01,4.042824e-01,-5.748272e-01,6.044127e-04,0,0
5.229153e-04,-4.860134e+00,-3.626825e+00,5.380197e-01,-1.347734e+01,-2.100874e+01,-1.584225e+01,6.829338e+00,6.363996e+00,-6.894509e+00,1.343003e+01,-5.664494e+00,6.526108e+00,2.629193e-02,0,0,-1.511787e-04,1.165600e+00,1.142246e+00,-1.354905e+00,3.767967e-01,6.136808e-01,-7.236291e-01,-6.723195e-01,-1.377742e+00,1.128755e+00,-1.352009e+00,2.695192e-01,-1.346103e+00,1.571472e-03,0,0
3.485780e-04,-3.810458e+00,-1.952839e+00,-1.329624e+00,-1.265625e+01,-1.998902e+01,-1.676222e+01,5.782993e+00,5.176294e+00,-5.608075e+00,1.208599e+01,-6.161279e+00,2.994069e+00,2.840737e-02,0,0,-1.188954e-04,1.011670e+00,9.273181e-01,-8.436944e-01,3.632590e-01,1.048787e+00,2.546820e-01,-1.462867e+00,-8.340311e-01,1.489145e+00,-1.500455e+00,4.411667e-01,-1.676267e+00,1.692354e-03,0,0
2.860758e-04,-2.720364e+00,-1.156766e+00,-1.918982e+00,-1.329247e+01,-1.862767e+01,-1.471278e+01,3.817587e+00,4.102923e+00,-3.858464e+00,1.016566e+01,-5.093137e+00,2.428221e+00,3.173164e-02,0,0,-7.530987e-05,5.745286e-01,3.482056e-01,-6.569444e-02,5.497646e-01,1.037400e+00,1.153395e+00,-2.175154e+00,1.953316e-03,1.651556e+00,-1.217239e+00,1.287900e+00,-6.251189e-01,1.239045e-03,0,0
2.268509e-04,-2.477391e+00,-1.195868e+00,-6.956596e-01,-1.196935e+01,-1.770745e+01,-1.344934e+01,5.605175e-01,4.703805e+00,-1.672421e+00,8.640296e+00,-3.833660e+00,1.080748e+00,3.052282e-02,0,0,-4.492093e-05,-5.096192e-02,-5.083163e-01,1.420712e-01,1.359228e+00,1.275211e+00,1.526554e+00,-1.662043e+00,5.629993e-01,1.118342e+00,-4.553432e-01,2.036285e+00,3.086367e-01,5.137507e-04,0,0
2.072295e-04,-2.654025e+00,-2.264283e+00,-1.074348e-01,-1.107197e+01,-1.696253e+01,-1.173172e+01,-1.435193e+00,6.610007e+00,-6.045540e-01,9.066684e+00,-3.888010e-01,4.357174e+00,3.142944e-02,0,0,-3.708059e-05,-4.704857e-01,-7.797803e-01,-4.009525e-01,2.116962e+00,1.264093e+00,1.278366e+00,-5.645754e-01,2.363463e-01,1.713995e-01,-1.081896e-02,1.881505e+00,6.848990e-01,1.390149e-03,0,0
1.633965e-04,-4.098438e+00,-3.940662e+00,-1.525042e+00,-6.970364e+00,-1.444554e+01,-1.061998e+01,9.917036e-02,6.737749e+00,-1.643319e+00,1.035876e+01,1.667980e+00,3.572776e+00,3.112723e-02,0,0,-2.822303e-05,-4.288220e-01,-2.904140e-01,-1.099872e+00,1.974720e+00,1.367157e+00,1.113278e+00,4.758373e-01,-8.320400e-01,-8.113577e-01,-1.921795e-01,1.342908e+00,2.621588e-01,2.689635e-03,0,0
1.324000e-04,-4.262269e+00,-3.683271e+00,-3.509053e+00,-5.207151e+00,-1.393816e+01,-9.735630e+00,1.225383e+00,4.267684e+00,-3.016018e+00,9.252332e+00,1.563568e+00,4.606702e+00,3.838018e-02,0,0,-2.003663e-05,-1.124971e-01,6.828018e-01,-1.011134e+00,1.221244e+00,8.113708e-01,3.011768e-01,2.699442e-02,-1.696029e+00,-8.458265e-01,-8.344715e-01,2.861536e-01,-6.790453e-01,2.447870e-03,0,0
1.231505e-04,-3.817379e+00,-1.938444e+00,-4.494213e+00,-5.028162e+00,-1.238385e+01,-8.880990e+00,1.609416e+00,1.714767e+00,-4.523478e+00,7.586575e+00,1.904695e+00,2.266778e+00,4.049562e-02,0,0,-7.814374e-06,2.602611e-01,1.257826e+00,-2.601711e-01,2.340117e-01,-4.661932e-02,-3.580804e-01,-1.093493e+00,-1.619964e+00,-3.107955e-02,-1.125787e+00,-5.435895e-02,-7.731742e-01,1.208827e-04,0,0
1.271693e-04,-3.357040e+00,1.486170e-01,-3.678519e+00,-5.936850e+00,-1.393652e+01,-1.109533e+01,-2.055344e+00,6.413515e-01,-3.393607e+00,6.280418e+00,9.236093e-01,1.614947e+00,3.898459e-02,0,0,-2.737173e-06,1.977657e-01,1.172867e+00,3.656183e-01,8.325548e-02,-5.576456e-01,-1.070670e+00,-1.784659e+00,-1.183557e+00,7.522905e-01,-1.044879e+00,-5.430315e-01,-6.091377e-01,-2.780296e-03,0,0
1.269400e-04,-3.249747e+00,4.325246e-01,-2.741164e+00,-5.435456e+00,-1.467945e+01,-1.173053e+01,-3.727932e+00,4.510937e-01,-1.609922e+00,6.215780e+00,1.716165e+00,1.202783e+00,3.142944e-02,0,0,-4.127402e-06,9.801684e-02,7.566290e-01,2.830177e-01,3.517562e-01,-4.671459e-01,-1.103540e+00,-1.104912e+00,-5.789930e-01,8.177887e-01,-1.091558e+00,-8.227867e-01,-1.298773e-01,-3.354488e-03,0,0
1.168194e-04,-3.557257e+00,9.955780e-01,-2.557486e+00,-4.587226e+00,-1.557859e+01,-1.366421e+01,-5.029237e+00,-1.018266e+00,-7.113435e-01,4.713335e+00,-1.057324e+00,2.093011e+00,2.901179e-02,0,0,-5.997709e-06,6.959667e-02,5.822660e-01,-1.484787e-01,3.746772e-01,1.726494e-01,-2.853166e-01,7.510638e-02,-2.684151e-01,4.626368e-02,-8.215925e-01,-5.637655e-01,-6.513303e-01,-2.689635e-03,0,0
1.076885e-04,-3.227186e+00,1.421220e+00,-3.639641e+00,-3.944193e+00,-1.389855e+01,-1.311425e+01,-2.428199e+00,-3.503893e-01,-1.775666e+00,2.912328e+00,-1.218772e+00,1.378359e+00,2.870958e-02,0,0,-6.589750e-06,-1.150725e-01,2.235870e-01,-6.178207e-01,6.009080e-01,9.403502e-01,1.254649e+00,8.917168e-01,-5.208483e-02,-5.577655e-01,-3.010845e-01,-2.818737e-02,-1.532938e+00,-2.629193e-03,0,0
1.068066e-04,-3.020337e+00,2.565599e+00,-3.971675e+00,-4.809096e+00,-1.346373e+01,-1.183006e+01,-2.329679e+00,-2.999823e-01,-3.079417e+00,3.824182e+00,-4.277500e-01,-1.729493e+00,2.689634e-02,0,0,-5.289302e-06,-5.208863e-01,-2.465093e-01,-7.213771e-01,7.251658e-01,1.351067e+00,2.383308e+00,1.151948e+00,2.188566e-01,-1.051058e-02,1.009017e+00,1.009320e+00,-1.465157e+00,-2.810517e-03,0,0
9.899769e-05,-4.093570e+00,7.654491e-01,-5.123174e+00,-2.319981e+00,-1.103513e+01,-6.374363e+00,-6.191270e-01,-1.684722e-01,-3.214713e+00,5.154934e+00,1.260441e+00,-4.550657e+00,1.934119e-02,0,0,-4.581712e-06,-8.535186e-01,-9.007792e-01,-1.047575e+00,7.639408e-01,1.310725e+00,2.484656e+00,6.470003e-01,-1.979081e-02,1.293588e+00,1.175695e+00,8.410714e-01,4.129304e-02,-1.208825e-03,0,0
9.471828e-05,-5.728497e+00,9.091729e-02,-5.422605e+00,-1.773503e+00,-1.025496e+01,-5.117613e+00,-1.740311e-01,-1.494122e-02,-4.437304e-02,8.637116e+00,2.749669e+00,-2.268264e+00,1.964340e-02,0,0,-3.769529e-06,-9.064843e-01,-1.151188e+00,-1.274981e+00,3.206705e-01,9.732302e-01,1.050709e+00,3.896290e-01,2.657048e-01,2.001141e+00,6.391833e-01,7.377598e-01,1.918913e+00,2.870959e-03,0,0
9.082404e-05,-6.140699e+00,-1.845335e+00,-8.152049e+00,-1.642285e+00,-8.949304e+00,-4.047197e+00,-2.710210e-01,-5.918639e-01,3.174752e+00,6.384336e+00,1.397875e+00,1.854210e+00,2.629193e-02,0,0,-1.340168e-06,-4.873761e-01,-7.999979e-01,-1.260759e+00,-3.159969e-01,5.282744e-01,-3.997203e-01,-3.886446e-01,4.718331e-01,1.591036e+00,-3.877643e-01,1.967370e-01,2.546393e+00,6.346329e-03,0,0
9.204575e-05,-6.529194e+00,-1.884949e+00,-8.832145e+00,-3.544591e+00,-9.640491e+00,-7.740095e+00,-5.555868e-01,1.240238e+00,3.731557e+00,6.405397e+00,3.192332e+00,4.662637e+00,3.777577e-02,0,0,-8.622475e-07,-4.080350e-01,-3.209552e-01,-7.391183e-01,8.034407e-02,8.292040e-01,-5.409023e-01,-3.096270e-01,9.677509e-01,1.302716e-01,-1.162513e+00,-4.008144e-02,1.383227e+00,5.137504e-03,0,0
9.363311e-05,-6.130102e+00,-2.246607e+00,-9.722198e+00,-3.014422e+00,-8.700994e+00,-7.061724e+00,-2.371572e+00,1.563104e+00,2.852502e+00,4.331972e+00,2.022795e+00,4.715858e+00,4.200665e-02,0,0,-1.016173e-06,-5.936950e-01,1.829530e-01,-8.910465e-03,6.675008e-01,1.477164e+00,4.698581e-01,1.620851e-01,1.125465e+00,-8.438732e-01,-9.609877e-01,2.412195e-01,2.817529e-01,-2.115443e-04,0,0
8.900250e-05,-7.773970e+00,-1.313223e+00,-8.333122e+00,-6.857148e-01,-6.233091e+00,-6.314861e+00,-6.718904e-01,3.746329e+00,7.681103e-01,3.850734e+00,2.236802e+00,3.217047e+00,3.747356e-02,0,0,-1.880601e-06,-7.774400e-01,1.127921e-01,4.665686e-01,1.064053e+00,1.919221e+00,1.859930e+00,7.228091e-01,6.354784e-01,-1.039924e+00,-9.734381e-01,-4.725134e-02,-7.855039e-01,-6.255667e-03,0,0
8.726480e-05,-8.486786e+00,-1.216433e+00,-8.446113e+00,2.657805e-01,-3.267185e+00,-2.410523e+00,5.975564e-01,3.782415e+00,4.371098e-01,2.856730e+00,3.081737e+00,3.985769e+00,2.538531e-02,0,0,-1.930919e-06,-7.556144e-01,-1.767082e-02,5.692652e-01,5.114440e-01,1.690457e+00,2.070735e+00,1.183934e+00,-2.392161e-02,-1.058272e+00,-2.728825e-01,5.445147e-01,-8.175057e-01,-6.799638e-03,0,0
8.582690e-05,-9.238051e+00,-1.836076e+00,-7.137344e+00,1.355733e-01,-2.761290e+00,-7.660449e-01,1.573895e+00,3.307974e+00,-2.603689e-01,2.275827e+00,2.426604e+00,1.100162e+00,1.480810e-02,0,0,-8.494447e-07,-3.232662e-01,-2.040791e-01,3.069072e-02,-2.980976e-01,8.020201e-01,1.235557e+00,3.570960e-01,-7.567703e-01,6.488893e-02,4.817447e-01,8.203139e-01,-5.380004e-01,-1.813237e-04,0,0
8.556632e-05,-9.176133e+00,-2.073535e+00,-7.473760e+00,-8.678458e-01,-1.984611e+00,5.175395e-01,2.425204e+00,1.662674e+00,-1.924619e+00,3.755013e+00,4.650467e+00,1.686772e+00,1.934119e-02,0,0,-4.642730e-07,-1.133578e-01,-1.215398e-01,-6.069625e-01,-7.587491e-01,2.105036e-01,-1.817642e-01,-4.651493e-01,-9.451666e-01,7.393428e-01,1.168622e+00,1.308032e+00,-5.443745e-02,1.190692e-02,0,0
8.560452e-05,-9.045628e+00,-1.905067e+00,-8.665845e+00,-1.609389e+00,-2.864279e+00,-1.601108e+00,1.997658e-01,1.022349e+00,2.273419e+00,5.810316e+00,5.554007e+00,1.676544e+00,3.958900e-02,0,0,-4.034693e-07,-5.796184e-02,7.512139e-02,-1.089220e+00,-7.145510e-01,2.375865e-01,-1.018769e+00,-1.545118e+00,-6.583737e-01,1.370395e+00,1.091140e+00,1.307449e+00,5.487126e-01,2.079178e-02,0,0
8.505463e-05,-9.149787e+00,-1.789636e+00,-1.071667e+01,-2.655484e+00,-2.163173e+00,-2.901813e+00,-1.041126e+00,1.993943e-01,2.866930e+00,6.932595e+00,8.058197e+00,3.425391e+00,7.252946e-02,0,0,-6.107111e-07,-8.476095e-02,1.583545e-01,-5.120299e-01,-1.887846e-01,4.777211e-01,-1.202036e+00,-1.842014e+00,-8.914265e-02,6.642572e-01,-9.405351e-02,-6.769438e-02,1.901094e-01,1.867634e-02,0,0
8.406540e-05,-9.541034e+00,-1.602418e+00,-1.096199e+01,-2.543362e+00,-1.484077e+00,-4.150213e+00,-4.418533e+00,7.477452e-01,4.195834e+00,6.142736e+00,7.259983e+00,2.974415e+00,9.217286e-02,0,0,-1.281631e-07,-1.134880e-01,2.070945e-01,2.390999e-01,5.189177e-01,9.406330e-01,-4.271523e-01,-1.146314e+00,1.534901e-01,-6.624094e-01,-1.095336e+00,-1.116062e+00,1.569402e-01,9.307948e-03,0,0
8.328232e-05,-9.352235e+00,-1.433087e+00,-8.885838e+00,-1.344782e+00,-2.861060e-01,-4.218090e+00,-4.475716e+00,1.354262e+00,4.354595e-01,3.118536e+00,3.459008e+00,1.988383e+00,8.643094e-02,0,0,7.422044e-07,-1.146088e-01,2.192989e-01,8.455354e-01,8.472414e-01,6.614002e-01,3.266305e-01,-1.070037e-01,2.036792e-01,-8.196200e-01,-1.294289e+00,-1.967309e+00,-2.893450e-01,-6.950743e-04,0,0
8.584986e-05,-9.511844e+00,-1.047870e+00,-8.385764e+00,3.298486e-01,9.003533e-01,-3.078732e+00,-3.814511e+00,1.212365e+00,1.771073e-01,2.240667e+00,2.273291e+00,3.179749e+00,7.917800e-02,0,0,3.107463e-06,-1.217409e-01,-5.556411e-03,5.213284e-01,3.258201e-01,2.217305e-01,1.206444e+00,1.290621e+00,-5.727860e-02,-4.097213e-01,-5.710484e-01,-1.320578e+00,-4.456019e-03,-3.022060e-03,0,0
8.787342e-05,-9.737426e+00,-9.704159e-01,-7.777111e+00,1.441174e-01,-4.838689e-02,-1.804401e+00,-1.878155e+00,9.854805e-01,7.781935e-01,2.412182e+00,7.149973e-01,1.875999e+00,7.555152e-02,0,0,8.067288e-06,-2.943642e-01,-3.522780e-02,1.284720e-01,-4.379856e-01,-4.374746e-02,1.629976e+00,1.600029e+00,4.547133e-02,3.118035e-01,-8.493748e-02,-2.220220e-01,3.290729e-01,3.928691e-04,0,0
9.730717e-05,-9.957143e+00,-1.861535e+00,-8.909711e+00,-1.658712e+00,-4.942836e-01,6.751598e-01,7.357921e-01,6.457430e-01,1.975860e+00,3.640671e+00,2.029099e+00,3.008327e+00,8.250227e-02,0,0,1.712941e-05,-6.195108e-01,-1.520513e-02,1.005998e-01,-8.846508e-01,1.585306e-01,1.737421e+00,1.294049e+00,1.132573e-01,-4.052536e-01,-1.147228e-01,4.440061e-01,3.066708e-01,5.711698e-03,0,0
1.178901e-04,-1.060141e+01,-1.202393e+00,-7.981504e+00,-2.540430e+00,1.924752e-01,2.054843e+00,1.249278e+00,1.864930e+00,1.095100e+00,1.993846e+00,2.470994e+00,3.719458e+00,8.673315e-02,0,0,3.583829e-05,-1.042663e+00,1.245112e-01,3.527636e-01,-5.848684e-01,7.328314e-01,1.662599e+00,7.649087e-01,2.667041e-01,-1.072855e+00,7.725880e-02,7.325123e-01,4.686545e-01,1.254155e-02,0,0
1.564885e-04,-1.217741e+01,-1.007907e+00,-7.780569e+00,-2.751132e+00,1.572575e+00,3.678751e+00,1.092017e+00,1.338927e+00,-2.007614e+00,1.876221e+00,3.615323e+00,3.791373e+00,1.021457e-01,0,0,5.167000e-05,-1.327465e+00,-1.898627e-01,5.125222e-01,-2.981925e-01,4.261573e-01,8.418993e-01,5.556878e-01,8.999966e-01,-1.208498e+00,5.105247e-01,3.732786e-01,-1.587981e-01,1.178604e-02,0,0
2.374742e-04,-1.384061e+01,-7.746740e-01,-6.577864e+00,-2.234015e+00,2.582340e+00,5.006801e+00,1.768276e+00,1.972409e+00,-2.594345e+00,3.680701e+00,3.584447e+00,3.827748e+00,1.284376e-01,0,0,5.016662e-05,-3.314053e-01,-4.050602e-01,1.026828e-01,-5.113129e-01,-1.194572e-03,-4.074783e-02,4.934949e-01,1.008222e+00,-6.954015e-01,6.370582e-01,-5.008172e-01,-5.983079e-01,2.085221e-03,0,0
2.958651e-04,-1.497487e+01,-3.024709e+00,-7.048920e+00,-3.302882e+00,4.415700e-01,3.408677e+00,3.254732e+00,5.091986e+00,-2.221908e+00,5.349867e+00,3.338765e+00,2.160191e+00,1.205802e-01,0,0,6.445965e-05,1.701209e+00,-7.389461e-01,-5.907749e-01,-1.383656e+00,-6.091154e-01,-7.971281e-01,-3.781687e-01,4.979354e-01,-4.658383e-01,-4.733045e-01,-2.163453e+00,-1.462025e+00,-1.583560e-02,0,0
2.990349e-04,-1.085970e+01,-2.219293e+00,-7.833914e+00,-4.821120e+00,7.520049e-01,1.986140e+00,2.635395e+00,5.029508e+00,-2.274760e+00,3.442314e+00,1.051861e-01,1.543510e+00,8.794198e-02,0,0,1.192151e-04,3.661486e+00,-1.073523e+00,-1.144228e+00,-2.592147e+00,-6.438671e-01,-6.335598e-01,-1.726615e+00,-8.500093e-01,-1.118614e+00,-1.544276e+00,-4.055785e+00,-2.136466e+00,-2.810517e-02,1.332618e+01,5.350478e-02
4.480064e-04,-5.161816e+00,-3.980328e+00,-1.010642e+01,-8.375860e+00,-5.578339e-01,1.203441e+00,-1.232386e+00,2.300055e+00,-4.496598e+00,-3.711080e-01,-5.462309e+00,-2.376633e+00,4.321547e-02,0,0,2.067312e-04,3.938296e+00,-1.539793e+00,-1.043852e+00,-3.374259e+00,-5.512775e-01,1.012679e-01,-2.567779e+00,-1.285131e+00,-1.372866e+00,-1.292902e+00,-5.084148e+00,-1.699552e+00,-2.541553e-02,3.297656e+01,1.338494e-01
7.574792e-04,-4.397013e-01,-5.664481e+00,-1.077026e+01,-1.265826e+01,-1.372931e-01,2.941620e+00,-4.621241e+00,-8.816716e-01,-7.050071e+00,-1.180192e+00,-1.229394e+01,-4.586168e+00,2.659414e-02,6.663091e+01,2.675239e-01,2.500878e-04,2.142803e+00,-1.758965e+00,-2.247174e-01,-3.427619e+00,-7.029632e-01,8.649983e-02,-2.206177e+00,-6.678762e-02,-1.093698e+00,7.377879e-02,-4.666608e+00,-2.091145e-01,-1.405259e-02,5.225318e+01,2.129104e-01
1.100299e-03,-4.933898e-01,-9.001081e+00,-1.080001e+01,-1.625561e+01,-1.870169e+00,3.437277e+00,-5.955846e+00,1.621923e+00,-6.698580e+00,1.196610e+00,-1.588241e+01,-3.272728e+00,2.417649e-02,1.315673e+02,5.354853e-01,1.673135e-04,3.329802e-01,-7.471850e-01,9.401437e-01,-2.429451e+00,-6.850047e-01,-8.869988e-01,-1.174167e+00,1.555916e+00,-1.757990e-01,1.077029e+00,-3.082522e+00,2.045779e+00,-3.324267e-03,3.865540e+01,1.587856e-01
1.223328e-03,-2.479899e+00,-8.503743e+00,-8.610706e+00,-1.801934e+01,-2.106643e+00,1.301721e+00,-6.033760e+00,5.034636e+00,-6.642261e+00,3.027349e+00,-1.801780e+01,9.459848e-01,2.719855e-02,1.954822e+02,7.968092e-01,-8.572836e-06,-4.776216e-01,8.162974e-01,1.357997e+00,-8.110327e-01,-5.063678e-01,-2.208072e+00,-5.910601e-01,1.708694e+00,8.622199e-01,1.136317e+00,-7.966352e-01,3.053190e+00,9.066202e-05,-8.148033e-01,-1.859993e-03
1.051650e-03,-2.476816e+00,-6.296621e+00,-6.485474e+00,-1.784258e+01,-2.998182e+00,-2.411604e+00,-6.396959e+00,7.121483e+00,-5.579498e+00,2.910267e+00,-1.801299e+01,5.086184e+00,2.629193e-02,1.288513e+02,5.292853e-01,-1.870890e-04,-1.433498e-01,1.925010e+00,8.615066e-01,1.140887e+00,1.788679e-01,-2.322056e+00,-1.326522e-01,1.464186e-01,1.969552e+00,1.152401e+00,9.106714e-01,2.055858e+00,6.648542e-04,-3.947020e+01,-1.606456e-01
7.389398e-04,-1.836096e+00,-2.935224e+00,-6.137539e+00,-1.591994e+01,-2.105125e+00,-5.174302e+00,-7.355985e+00,4.912017e+00,-3.298513e+00,3.644565e+00,-1.521183e+01,6.500327e+00,2.598973e-02,6.391491e+01,2.613239e-01,-2.675946e-04,1.342033e-01,1.682441e+00,-2.215721e-01,2.908122e+00,5.118184e-01,-1.538163e+00,-1.708713e-02,-1.390845e+00,3.112313e+00,1.551286e+00,1.855235e+00,1.488355e-01,8.461775e-04,-5.198158e+01,-2.122904e-01
4.070479e-04,-1.532040e+00,-2.160289e+00,-7.729059e+00,-1.160087e+01,-9.765882e-01,-4.934994e+00,-5.957995e+00,2.415325e+00,1.477304e+00,6.650008e+00,-1.273204e+01,4.229393e+00,2.810517e-02,0,0,-2.333849e-04,-7.097383e-02,5.027719e-01,-9.310304e-01,3.737911e+00,5.781938e-01,-3.643120e-01,1.220810e-01,-1.702633e+00,3.291236e+00,1.336893e+00,1.956742e+00,-1.448944e+00,8.763977e-04,-3.216175e+01,-1.319894e-01
2.076554e-04,-2.281270e+00,-2.159703e+00,-9.096774e+00,-6.599579e+00,-5.583485e-01,-5.127398e+00,-6.338678e+00,4.334884e-01,5.390900e+00,8.913909e+00,-1.138210e+01,2.118558e+00,3.052282e-02,0,0,-1.460728e-04,-2.434411e-01,-4.264518e-01,-9.876987e-01,3.375801e+00,2.161532e-02,2.235403e-01,8.820252e-02,-2.854665e-01,2.240326e+00,-1.134572e-01,1.635319e+00,-1.649447e+00,1.511028e-04,-1.278298e+01,-5.226479e-02
1.503673e-04,-2.609098e+00,-4.170523e+00,-9.661008e+00,-3.813201e+00,-8.806014e-01,-4.256615e+00,-6.295208e+00,8.475821e-01,6.531975e+00,6.960058e+00,-1.014414e+01,3.234911e-02,2.840737e-02,0,0,-6.018377e-05,-2.089948e-01,-6.212510e-01,-9.604145e-01,1.649985e+00,-1.293981e-01,6.278049e-01,2.928565e-01,1.239483e+00,6.981331e-01,-1.770612e+00,1.770422e+00,-1.112205e+00,-9.368391e-04,0,0
1.369164e-04,-2.514772e+00,-4.062366e+00,-1.011006e+01,-2.934772e+00,-2.045042e+00,-4.395790e+00,-6.746366e+00,4.268556e+00,5.375782e+00,2.922254e+00,-8.329179e+00,3.516137e-01,2.659414e-02,0,0,-7.206800e-06,-6.869138e-01,-2.314348e-01,-5.009890e-01,-6.715768e-01,2.124610e-01,1.045972e+00,1.193566e+00,2.403981e+00,-2.115190e-01,-2.222729e+00,2.032278e+00,-8.846618e-01,-1.148383e-03,0,0
1.414985e-04,-2.460263e+00,-4.315212e+00,-1.202449e+01,-5.183352e+00,-8.802318e-01,-2.161774e+00,-4.289868e+00,6.695208e+00,4.975528e+00,7.927769e-01,-5.406391e+00,-4.481590e-01,2.538531e-02,0,0,2.299565e-05,-1.870896e+00,8.083822e-01,2.955396e-01,-2.448704e+00,1.073060e+00,1.190060e+00,1.732576e+00,2.110592e+00,-4.874692e-01,-1.866225e+00,2.408210e+00,-7.877361e-01,2.810517e-03,0,0
1.760557e-04,-5.790257e+00,-3.244532e+00,-1.041998e+01,-9.272388e+00,5.037715e-01,-9.449602e-01,-1.373519e+00,9.529578e+00,5.111528e+00,8.839028e-01,-3.589584e+00,-2.064497e+00,2.629193e-02,0,0,1.043190e-04,-3.724811e+00,1.788825e+00,1.534512e+00,-3.242314e+00,1.783554e+00,1.386257e+00,1.449108e+00,9.053813e-01,-4.001494e-01,-1.610046e+00,2.148778e+00,-1.227402e+00,1.320641e-02,0,0
2.457759e-04,-1.032584e+01,-5.375285e-01,-8.028350e+00,-1.288792e+01,3.210291e+00,-3.173065e-02,-3.187515e-01,8.770030e+00,4.226757e+00,-1.351893e+00,-4.728888e-01,-2.698276e+00,4.261106e-02,0,0,2.662101e-04,-5.183025e+00,2.445358e+00,2.474320e+00,-2.814297e+00,2.032554e+00,1.324823e+00,8.409133e-02,-6.384311e-01,-2.662145e-01,-2.001899e+00,1.003814e+00,-1.038578e+00,2.886069e-02,0,0
6.063725e-04,-1.720604e+01,2.992917e+00,-4.435566e+00,-1.529406e+01,4.827468e+00,1.470474e+00,-1.486386e+00,7.758051e+00,3.749421e+00,-4.055639e+00,-5.203756e-02,-4.660338e+00,8.401331e-02,0,0,4.662715e-04,-5.422065e+00,2.267624e+00,2.713257e+00,-2.136992e+00,1.717668e+00,1.754659e+00,-7.096598e-01,-1.947386e+00,2.293065e-01,-1.636656e+00,2.470103e-02,-1.081076e+00,3.980054e-02,0,5.131342e-02
1.257391e-03,-2.266750e+01,4.792852e+00,-2.645093e+00,-1.624400e+01,7.120689e+00,3.254623e+00,-3.812979e+00,4.388815e+00,4.325509e+00,-6.746950e+00,-2.156093e+00,-4.343131e+00,1.408281e-01,0,0,5.524654e-04,-4.511003e+00,1.141391e+00,2.762330e+00,-1.566066e+00,5.802171e-01,1.924332e+00,-3.277228e-01,-2.165864e+00,9.579927e-01,-7.165535e-02,-1.762112e-01,-7.039233e-01,3.774554e-02,0,1.284308e-01
2.001606e-03,-2.672975e+01,5.428396e+00,4.546784e-01,-1.827931e+01,7.136913e+00,6.185160e+00,-3.174705e+00,1.983255e+00,6.208684e+00,-4.601850e+00,-2.624477e+00,-6.647452e+00,1.761862e-01,0,2.565671e-01,3.942461e-04,-2.467273e+00,-2.177006e-01,2.260648e+00,-1.002231e+00,-8.021206e-01,1.721173e+00,9.709018e-01,-1.408075e+00,1.090585e+00,1.797779e+00,1.065037e+00,5.264591e-01,2.305833e-02,0,1.541611e-01
2.310486e-03,-2.811899e+01,3.951689e+00,3.338176e+00,-1.922562e+01,4.956654e+00,7.232588e+00,-1.113206e+00,8.281088e-01,7.787089e+00,-1.437065e+00,-6.772518e-02,-5.224335e+00,1.852524e-01,0,5.138702e-01,3.651541e-05,-2.753456e-01,-1.228503e+00,1.391154e+00,-1.596352e-01,-1.841006e+00,7.812293e-01,1.691219e+00,3.459393e-02,4.781055e-01,2.336207e+00,2.181424e+00,1.907321e+00,2.750073e-03,0,7.719094e-02
2.051055e-03,-2.681666e+01,2.324996e+00,3.876041e+00,-1.881441e+01,1.898883e+00,8.087358e+00,2.018237e+00,2.498031e+00,7.471557e+00,2.278312e+00,4.228961e+00,-1.587440e+00,1.770928e-01,0,5.138702e-01,-3.250758e-04,2.346386e+00,-1.439801e+00,-2.760747e-01,7.655210e-01,-1.846927e+00,-6.180702e-01,9.633418e-01,6.091903e-01,-1.019569e+00,2.612061e-01,1.666439e+00,3.004920e+00,-1.604715e-02,0,-7.697013e-02
1.415243e-03,-2.400077e+01,2.020363e-01,2.599993e+00,-1.677463e+01,5.346761e-01,6.209671e+00,2.046644e+00,4.304397e+00,6.084600e+00,1.494006e+00,5.324310e+00,2.663469e+00,1.541251e-01,0,2.573031e-01,-4.063058e-04,4.607966e+00,-1.885189e+00,-1.872231e+00,9.536319e-01,-1.340106e+00,-2.112230e+00,-3.111625e-01,5.033780e-01,-2.514762e+00,-2.358675e+00,-5.236870e-01,2.340370e+00,-3.109701e-02,1.882138e+01,-1.023694e-01
8.238482e-04,-1.705693e+01,1.042176e-01,-5.566037e-01,-1.567720e+01,1.132669e-01,3.606267e+00,6.207919e-02,3.291063e+00,1.962082e+00,-4.761354e+00,3.011702e+00,4.433247e+00,1.115141e-01,0,0,-7.919439e-05,5.715269e+00,-2.930948e+00,-2.905835e+00,1.500093e-01,-6.346406e-01,-3.492288e+00,-1.601815e+00,1.843055e-01,-3.617925e+00,-3.836226e+00,-3.699602e+00,7.716568e-01,-3.750378e-02,4.569329e+01,3.377083e-03
8.925608e-04,-9.959025e+00,-4.363866e+00,-3.806656e+00,-1.602607e+01,-8.510703e-01,-1.088018e+00,-1.690940e+00,2.948483e+00,-2.031982e+00,-9.710607e+00,-2.077531e+00,3.467171e+00,6.255666e-02,9.410690e+01,2.589586e-01,5.280475e-04,4.960528e+00,-4.365510e+00,-3.286222e+00,-1.246987e+00,3.259690e-01,-3.223783e+00,-1.196559e+00,5.066082e-01,-3.804308e+00,-2.436525e+00,-6.076180e+00,-2.725424e-01,-3.209429e-02,7.088649e+01,1.614058e-01
1.916424e-03,-5.261189e+00,-1.004679e+01,-7.449810e+00,-1.843864e+01,-5.814471e-01,-5.725237e+00,-4.122047e+00,4.097516e+00,-6.559777e+00,-1.130051e+01,-1.056813e+01,1.868993e+00,3.535811e-02,1.814130e+02,5.299279e-01,1.067179e-03,2.646531e+00,-4.725663e+00,-2.829652e+00,-2.054183e+00,1.743275e+00,-1.463664e+00,-1.025866e-01,9.572266e-01,-2.830557e+00,1.761508e-01,-6.556666e+00,-1.247047e-01,-1.783016e-02,6.678697e+01,2.183409e-01
3.509192e-03,-5.095995e+00,-1.655001e+01,-1.038451e+01,-2.162884e+01,2.511878e+00,-5.243490e+00,-1.844086e+00,6.434212e+00,-8.676010e+00,-7.419039e+00,-1.826667e+01,2.582884e+00,3.173164e-02,2.637260e+02,7.993684e-01,1.219013e-03,6.163425e-01,-3.390004e+00,-1.947248e+00,-1.650265e+00,3.246796e+00,1.246094e+00,7.755395e-01,4.981310e-01,-1.437461e+00,1.894134e+00,-4.582921e+00,1.044631e+00,-4.049561e-03,3.599603e+01,1.437839e-01
4.851430e-03,-6.255790e+00,-1.743102e+01,-1.141594e+01,-2.314673e+01,7.148169e+00,-1.634315e+00,-3.742805e-01,6.334331e+00,-8.868690e+00,-5.026384e+00,-2.167706e+01,4.251867e+00,3.777577e-02,2.491254e+02,8.214995e-01,8.927205e-04,-3.141452e-01,-1.646359e+00,-8.418120e-01,-3.386995e-01,4.016028e+00,2.977122e+00,3.387658e-01,-7.431884e-01,-1.571483e-01,2.064835e+00,-1.097152e+00,1.692179e+00,2.266547e-03,8.390656e+00,6.640156e-02
5.520124e-03,-6.380012e+00,-1.762177e+01,-1.155983e+01,-2.192335e+01,1.151810e+01,3.096994e+00,3.128738e-01,4.320731e+00,-8.064832e+00,-3.376999e+00,-1.943767e+01,7.498890e+00,4.110003e-02,2.402308e+02,8.320923e-01,3.622114e-04,-2.313728e-01,-4.354851e-01,-2.451255e-01,7.836267e-01,3.640661e+00,2.845970e+00,-1.253656e+00,-1.768013e+00,3.799323e-01,1.372776e+00,1.813186e+00,1.299227e+00,2.478092e-03,-7.797938e+00,1.210216e-02
5.374562e-03,-6.189907e+00,-1.774271e+01,-1.107121e+01,-1.998488e+01,1.499558e+01,4.990131e+00,-3.506698e+00,1.438314e+00,-7.651107e+00,-2.997356e+00,-1.546839e+01,7.871884e+00,4.200665e-02,2.351138e+02,8.455737e-01,-1.137364e-04,-3.303819e-02,-2.772875e-01,-1.767188e-01,8.561667e-01,2.407618e+00,1.949734e+00,-2.399232e+00,-1.895621e+00,1.061764e-01,1.090211e+00,2.774624e+00,2.666053e-01,8.159563e-04,-4.983373e+00,6.425893e-03
5.058684e-03,-6.285801e+00,-1.857159e+01,-1.178250e+01,-1.929163e+01,1.679148e+01,5.674135e+00,-6.546158e+00,4.215308e-02,-7.385140e+00,-1.569672e+00,-1.230508e+01,7.269008e+00,4.200665e-02,2.317421e+02,8.478422e-01,-3.652518e-04,-1.130755e-01,-8.280029e-02,-2.807961e-01,2.865376e-01,1.082549e+00,1.102025e+00,-2.631716e+00,-1.208945e+00,-6.066594e-01,9.603014e-01,2.179510e+00,-7.310489e-01,-3.725290e-10,-3.671600e+00,1.843894e-03
4.513468e-03,-6.468087e+00,-1.834255e+01,-1.218819e+01,-2.018175e+01,1.654957e+01,6.825785e+00,-8.940926e+00,-1.004483e+00,-8.677654e+00,-4.789936e-01,-1.137024e+01,5.699834e+00,4.140224e-02,2.284529e+02,8.457541e-01,-4.193575e-04,-1.994152e-01,1.695213e-01,-3.442129e-01,-9.289932e-02,1.985512e-01,9.542336e-01,-1.775229e+00,-2.553285e-01,-1.362322e+00,7.681518e-01,1.141230e+00,-9.385540e-01,-1.813252e-04,-3.147890e+00,-3.244173e-03
4.124412e-03,-6.806299e+00,-1.773585e+01,-1.240532e+01,-2.039223e+01,1.615385e+01,7.689289e+00,-1.012859e+01,-5.025933e-01,-1.058486e+01,1.653265e-01,-1.058919e+01,4.929670e+00,4.140224e-02,2.252033e+02,8.412216e-01,-4.106290e-04,-1.665822e-01,5.347433e-01,-2.962208e-02,1.384685e-01,1.214872e-01,9.752699e-01,-1.022211e+00,2.628877e-01,-1.613095e+00,2.894203e-01,4.279025e-01,-7.662205e-01,1.813233e-04,-2.778514e+00,-5.464947e-03
3.744910e-03,-6.926733e+00,-1.731297e+01,-1.248087e+01,-1.989908e+01,1.630715e+01,8.753722e+00,-1.059162e+01,4.340449e-01,-1.286286e+01,-2.409665e-02,-1.062018e+01,4.348783e+00,4.140224e-02,2.226438e+02,8.326631e-01,-3.286490e-04,-7.342048e-02,5.818844e-01,2.173625e-01,7.978449e-01,7.311014e-01,8.997968e-01,-7.417310e-01,2.298485e-01,-1.572917e+00,-1.611112e-01,1.222095e-01,-3.547286e-01,6.950740e-04,-2.161360e+00,-5.579877e-03
3.389818e-03,-6.889389e+00,-1.641267e+01,-1.178428e+01,-1.874062e+01,1.752012e+01,9.586516e+00,-1.083186e+01,6.373275e-01,-1.335801e+01,-3.500195e-01,-1.054059e+01,4.113431e+00,4.291327e-02,2.207540e+02,8.270629e-01,-2.853292e-04,6.250715e-02,6.414465e-01,3.282461e-01,1.002950e+00,1.087548e+00,6.658549e-01,-1.053942e+00,-1.446893e-01,-1.208076e+00,-5.226985e-01,-1.336309e-01,-1.410154e-01,1.178604e-03,-1.560242e+00,-4.637825e-03
3.237520e-03,-6.793644e+00,-1.609472e+01,-1.141190e+01,-1.701833e+01,1.952194e+01,1.037616e+01,-1.229795e+01,-4.252010e-01,-1.515566e+01,-1.026877e+00,-1.078349e+01,4.334311e+00,4.412209e-02,2.198707e+02,8.249341e-01,-2.642961e-04,1.327666e-01,6.428679e-01,1.997782e-01,7.486731e-01,9.755808e-01,2.420538e-01,-1.422270e+00,-3.773630e-01,-8.591273e-01,-6.426322e-01,-2.061274e-01,7.343750e-02,1.087942e-03,-1.328381e+00,-4.089123e-03
2.951461e-03,-6.560308e+00,-1.513774e+01,-1.129857e+01,-1.681785e+01,1.998420e+01,1.020735e+01,-1.454515e+01,-7.964168e-01,-1.547884e+01,-1.946776e+00,-1.117569e+01,4.231829e+00,4.593533e-02,2.187886e+02,8.218970e-01,-2.833536e-04,2.988394e-01,6.384908e-01,-2.151065e-01,-1.974125e-02,2.138264e-01,5.514774e-02,-1.270819e+00,-5.182153e-02,-4.588900e-02,-5.049258e-01,-2.204576e-01,1.694250e-02,3.022060e-04,-1.524825e+00,-5.073679e-03
2.642608e-03,-6.427441e+00,-1.473609e+01,-1.172483e+01,-1.711711e+01,1.995302e+01,9.653576e+00,-1.584633e+01,-7.358980e-01,-1.609808e+01,-2.438879e+00,-1.133327e+01,4.656772e+00,4.533092e-02,2.169846e+02,8.148004e-01,-3.470928e-04,7.355343e-01,6.522555e-01,-5.163589e-01,-6.486881e-01,-9.363098e-01,-3.537347e-01,-4.918877e-01,4.998766e-01,1.515496e+00,-2.348769e-01,-1.138354e-01,-1.808851e-01,-6.346315e-04,1.535878e+00,-1.184173e-02
2.270506e-03,-5.578293e+00,-1.389953e+01,-1.270335e+01,-1.878994e+01,1.837372e+01,1.022355e+01,-1.541177e+01,5.335683e-01,-1.311625e+01,-2.168648e+00,-1.136799e+01,4.036913e+00,4.381989e-02,2.145730e+02,8.067613e-01,-3.995974e-04,1.278502e+00,7.393724e-01,-5.162442e-01,-4.301578e-01,-1.975852e+00,-9.643401e-01,4.091217e-01,6.665739e-01,2.457282e+00,1.098916e-01,2.914047e-03,-8.334366e-01,-1.662133e-03,-1.084453e+01,-6.722694e-02
1.842534e-03,-3.606981e+00,-1.345255e+01,-1.329131e+01,-1.927572e+01,1.564563e+01,8.599383e+00,-1.432407e+01,1.409190e+00,-8.759475e+00,-2.090326e+00,-1.125652e+01,3.527343e+00,4.200665e-02,2.296579e+02,7.732933e-01,-4.445433e-04,1.664661e+00,9.640366e-01,-6.980515e-03,4.448156e-01,-2.550054e+00,-1.925155e+00,8.355509e-01,5.698531e-01,2.551461e+00,2.248719e-01,1.125982e-01,-1.563970e+00,-1.964339e-03,-3.151572e+01,-1.453258e-01
1.353511e-03,-1.578030e+00,-1.208265e+01,-1.309655e+01,-1.788933e+01,1.225863e+01,5.912743e+00,-1.326067e+01,1.463909e+00,-6.861729e+00,-1.571595e+00,-1.119950e+01,6.293606e-01,3.928680e-02,1.582293e+02,5.065159e-01,-4.321676e-04,1.469438e+00,1.062611e+00,6.640725e-01,1.388596e+00,-2.207159e+00,-2.596476e+00,1.020210e+00,-8.741409e-02,7.104763e-01,2.789643e-01,5.309744e-02,-2.133495e+00,-2.115443e-03,-5.712261e+01,-2.148521e-01
8.783888e-04,-1.042674e-01,-1.082435e+01,-1.156313e+01,-1.534333e+01,1.026029e+01,2.183202e+00,-1.274413e+01,1.648197e+00,-6.468035e+00,-1.613046e+00,-1.085452e+01,-1.459301e+00,3.777577e-02,8.757779e+01,2.382944e-01,-3.381437e-04,8.107063e-01,1.016320e+00,9.853041e-01,1.545928e+00,-9.934146e-01,-2.570222e+00,7.258570e-01,-5.739278e-01,-9.282628e-01,5.011201e-04,-7.203522e-02,-2.318181e+00,-1.662134e-03,-6.175451e+01,-2.053103e-01
5.917405e-04,1.753909e-02,-9.900574e+00,-1.024708e+01,-1.381316e+01,1.003060e+01,4.492569e-01,-1.110069e+01,-2.300588e-02,-1.070958e+01,-1.012465e+00,-1.130350e+01,-4.137238e+00,3.535812e-02,0,0,-2.047120e-04,1.685685e-01,8.194598e-01,8.449717e-01,9.483289e-01,1.987430e-01,-2.389732e+00,4.409735e-01,-7.171049e-01,-1.663538e+00,1.897601e-01,-1.236429e-01,-1.966584e+00,-7.555157e-04,-4.040364e+01,-1.251326e-01
5.327009e-04,-3.512340e-01,-9.461990e+00,-9.789527e+00,-1.358417e+01,1.179258e+01,-1.519986e+00,-1.177478e+01,-7.169920e-01,-1.147686e+01,-2.367385e+00,-1.156469e+01,-5.680259e+00,3.566032e-02,0,0,-8.402302e-05,-2.098528e-01,7.923115e-01,3.473065e-01,4.155807e-01,1.164459e+00,-1.823845e+00,1.436808e-01,-3.356789e-01,-1.160306e+00,3.418619e-01,2.622309e-02,-1.204219e+00,3.022056e-04,-1.751556e+01,-4.765888e-02
5.027950e-04,-6.117038e-01,-8.666533e+00,-9.758495e+00,-1.402727e+01,1.248620e+01,-4.184324e+00,-1.154047e+01,-9.390215e-01,-1.267501e+01,-2.456252e-01,-1.146263e+01,-7.093082e+00,3.656694e-02,0,0,-2.504672e-05,-2.334822e-01,8.980259e-01,4.041872e-02,5.799093e-02,1.299152e+00,-1.211971e+00,6.759176e-02,-9.550446e-02,-3.009186e-02,7.509893e-01,1.862712e-01,-3.773499e-02,1.208824e-03,0,0
5.027464e-04,-8.389101e-01,-7.479810e+00,-1.007089e+01,-1.315837e+01,1.485478e+01,-4.619233e+00,-1.180583e+01,4.278103e-01,-1.128685e+01,-2.871570e-01,-1.064384e+01,-6.002472e+00,3.868238e-02,0,0,-1.524545e-05,-8.589593e-02,9.134127e-01,-5.698137e-02,4.789591e-02,5.609022e-01,-3.356441e-01,2.688283e-01,-2.168899e-01,2.855083e-01,7.438499e-01,3.366739e-01,1.051027e+00,1.178603e-03,0,0
4.814841e-04,-9.060337e-01,-6.401535e+00,-9.904304e+00,-1.373610e+01,1.499525e+01,-4.060977e+00,-1.074720e+01,-1.072929e+00,-1.095505e+01,1.702367e+00,-1.083257e+01,-4.164806e+00,3.989121e-02,0,0,-2.847743e-06,2.488606e-01,8.293255e-01,-1.437462e-01,-3.918940e-01,-8.116023e-01,5.910521e-02,3.968210e-02,-4.024495e-01,5.935375e-01,6.591581e-01,4.992582e-01,1.899857e+00,7.857364e-04,0,0
4.671291e-04,-6.335487e-01,-6.027426e+00,-1.000153e+01,-1.349028e+01,1.334256e+01,-3.259880e+00,-1.082727e+01,-1.734488e+00,-1.090930e+01,3.778684e-01,-1.019635e+01,-1.889261e+00,3.989121e-02,0,0,2.620610e-05,6.284472e-01,5.660734e-01,-5.019960e-01,-9.098265e-01,-2.178993e+00,2.752237e-02,-1.122349e-01,3.448035e-01,6.276561e-01,4.676799e-01,6.482299e-01,1.984791e+00,1.208823e-04,0,0
5.063650e-04,5.299186e-01,-5.246098e+00,-1.051190e+01,-1.582079e+01,9.184300e+00,-4.568474e+00,-1.183134e+01,-1.870120e+00,-9.896096e+00,2.717652e+00,-9.190082e+00,3.495955e-01,3.989121e-02,0,0,6.523707e-05,8.228380e-01,4.375067e-01,-1.016829e+00,-1.527336e+00,-2.657073e+00,8.240084e-02,4.930963e-02,1.705874e+00,9.735718e-01,-2.536416e-01,4.072377e-01,1.881828e+00,-4.835293e-04,0,0
6.213365e-04,1.585350e+00,-5.227161e+00,-1.227707e+01,-1.666516e+01,6.865295e+00,-4.227872e+00,-1.182494e+01,2.550423e+00,-8.678048e+00,1.543600e+00,-8.223938e+00,1.664280e+00,3.928679e-02,0,0,8.091809e-05,6.423848e-01,3.843040e-01,-1.154267e+00,-1.836207e+00,-2.425359e+00,7.422987e-01,7.619138e-01,2.377597e+00,1.074088e+00,-1.155987e+00,-1.073847e-01,1.567565e+00,-1.118162e-03,0,0
7.305657e-04,2.098707e+00,-4.614133e+00,-1.385068e+01,-1.978534e+01,4.948522e+00,-3.164976e+00,-1.000182e+01,5.313984e+00,-7.202814e+00,-1.487064e-01,-9.782588e+00,3.467563e+00,3.777577e-02,0,0,6.172694e-05,3.047364e-01,5.024544e-01,-1.008577e+00,-1.709477e+00,-1.918945e+00,1.558589e+00,1.231956e+00,2.025206e+00,9.644822e-01,-1.808643e+00,-7.083387e-01,9.223978e-01,-1.843458e-03,0,0
7.596191e-04,1.793981e+00,-4.421889e+00,-1.410348e+01,-2.068903e+01,3.333660e+00,-2.501359e-01,-7.932463e+00,6.561447e+00,-6.885500e+00,-3.968885e+00,-1.043702e+01,4.389580e+00,3.535812e-02,0,0,1.389522e-05,1.009817e-01,7.896873e-01,-5.666503e-01,-1.199876e+00,-1.665284e+00,1.373335e+00,7.609833e-01,1.080761e+00,1.230365e+00,-1.219880e+00,-9.463862e-01,-2.048930e-01,-2.326987e-03,0,0
7.458584e-04,1.949285e+00,-3.136462e+00,-1.464159e+01,-2.235624e+01,1.355393e+00,1.235604e+00,-7.617799e+00,6.250397e+00,-5.969959e+00,-3.569318e+00,-1.162523e+01,3.598935e+00,3.263826e-02,0,0,-4.597604e-05,1.085914e-01,9.217383e-01,-1.004786e-01,2.015162e-01,-1.212284e+00,1.619136e-01,-6.619706e-02,3.668408e-01,1.608884e+00,-1.239923e-01,-8.170827e-01,-1.789085e+00,-2.447870e-03,0,0
6.831663e-04,2.164969e+00,-2.017561e+00,-1.471486e+01,-2.137910e+01,3.354371e-01,4.385138e-01,-9.212031e+00,7.486021e+00,-3.142648e+00,-2.845494e+00,-1.203455e+01,5.741291e-01,3.022061e-02,0,0,-9.832523e-05,1.923818e-01,1.002823e+00,6.392038e-01,1.727867e+00,-4.203246e-01,-1.178731e+00,-4.048356e-01,-6.699053e-01,1.480901e+00,4.879779e-01,-2.570907e-01,-2.443651e+00,-1.903899e-03,0,0
5.389120e-04,2.456170e+00,-1.207606e+00,-1.404738e+01,-1.843273e+01,3.862122e-01,-2.699733e+00,-9.693025e+00,6.685901e+00,-1.029822e+00,-1.330363e+00,-1.306924e+01,-3.570138e+00,2.810517e-02,0,0,-1.331260e-04,5.930383e-02,7.516882e-01,1.414941e+00,3.484830e+00,8.926426e-01,-1.174545e+00,-1.268785e-01,-2.099903e+00,3.694478e-01,1.467301e-01,8.524232e-01,-1.582652e+00,-9.368391e-04,0,0
3.714662e-04,2.502447e+00,-3.721997e-01,-1.120456e+01,-1.401146e+01,1.716628e+00,-4.176124e+00,-8.919028e+00,2.994168e+00,-1.951063e+00,-2.648473e+00,-1.100047e+01,-4.244140e+00,2.810517e-02,0,0,-1.325984e-04,-2.996632e-01,4.092250e-01,1.616034e+00,4.274232e+00,1.839813e+00,-1.365272e-01,3.140565e-01,-3.086040e+00,-9.447855e-01,-2.246532e-01,1.899718e+00,3.546308e-01,1.511026e-04,0,0
2.360785e-04,2.077065e+00,-2.007020e-01,-9.322032e+00,-8.615909e+00,5.128010e+00,-2.329800e+00,-8.398693e+00,-2.003192e+00,-4.718513e+00,-2.934178e+00,-7.880154e+00,-1.905190e+00,2.901179e-02,0,0,-9.862245e-05,-7.897860e-01,-1.717013e-01,7.730389e-01,4.193209e+00,1.950624e+00,7.693119e-01,4.753391e-01,-2.439748e+00,-1.297652e+00,-2.536101e-01,2.506347e+00,1.815459e+00,1.390148e-03,0,0
1.715910e-04,8.562059e-01,-4.748877e-01,-8.997365e+00,-4.916344e+00,7.163600e+00,-4.290884e-01,-8.288915e+00,-3.599633e+00,-6.022231e+00,-3.166852e+00,-5.130502e+00,1.514809e+00,3.052282e-02,0,0,-5.521375e-05,-1.157296e+00,-8.693320e-01,-7.640539e-01,2.902231e+00,1.095922e+00,7.023986e-01,6.442572e-01,-6.080531e-01,-3.132710e-01,5.540907e-01,2.129928e+00,1.286129e+00,2.357208e-03,0,0
1.457373e-04,-6.696386e-01,-2.014769e+00,-1.128578e+01,-2.014237e+00,7.415845e+00,-7.266909e-01,-7.631386e+00,-2.215939e+00,-5.482498e+00,-2.339224e+00,-3.472488e+00,2.627682e+00,3.384708e-02,0,0,-2.068271e-05,-1.199678e+00,-1.299566e+00,-1.928942e+00,9.859759e-01,-5.560618e-02,4.899202e-01,1.309622e+00,1.375601e+00,1.208223e+00,1.321445e+00,1.316688e+00,-2.798711e-01,1.903899e-03,0,0
1.405681e-04,-1.910679e+00,-3.811826e+00,-1.404296e+01,-2.801135e+00,6.052323e+00,-1.465685e+00,-6.081396e+00,6.027607e-02,-3.135426e+00,-1.754960e-01,-2.554666e+00,-7.992872e-02,3.747356e-02,0,0,-3.651415e-06,-9.638079e-01,-1.300315e+00,-2.190308e+00,-6.736766e-01,-6.535575e-01,6.598616e-01,1.426416e+00,2.482585e+00,2.616542e+00,1.873323e+00,3.404142e-01,-1.347340e+00,-7.857356e-04,0,0
1.481764e-04,-2.537884e+00,-5.030063e+00,-1.644395e+01,-4.743633e+00,5.405618e+00,6.381000e-01,-2.954341e+00,3.044859e+00,-1.208026e-01,2.177369e+00,-2.584630e+00,-2.507176e+00,3.505591e-02,0,0,1.155931e-05,-4.600452e-01,-5.362247e-01,-1.777010e+00,-2.276193e+00,-5.171757e-01,1.193990e+00,1.382102e+00,3.276339e+00,2.923302e+00,1.811248e+00,-4.209777e-01,-1.092244e+00,-4.291327e-03,0,0
1.521144e-04,-3.028711e+00,-5.468815e+00,-1.736982e+01,-6.920029e+00,4.900927e+00,2.187824e+00,-3.495360e+00,6.182893e+00,4.379633e+00,3.941465e+00,-3.872360e+00,-2.654464e+00,2.598973e-02,0,0,2.558146e-05,2.951938e-01,6.042200e-01,-9.545069e-01,-2.575289e+00,-3.015354e-01,1.063323e+00,5.963131e-01,2.606843e+00,1.307274e+00,6.973627e-01,-1.262081e+00,-4.756472e-01,-5.318828e-03,0,0
1.977606e-04,-2.410849e+00,-3.867398e+00,-1.850740e+01,-1.133575e+01,5.405665e+00,3.416507e+00,-2.013891e+00,1.110445e+01,5.376482e+00,4.658535e+00,-4.918530e+00,-1.546271e+00,1.813237e-02,0,0,4.656642e-05,1.083189e+00,1.764019e+00,4.157448e-02,-2.843699e+00,-8.172876e-01,-1.942381e-01,-5.146688e-01,8.523594e-01,-2.111091e+00,-7.340074e-03,-1.660185e+00,-6.911127e-02,-3.082502e-03,0,0
2.436833e-04,-4.982277e-01,-1.372058e+00,-1.778377e+01,-1.238152e+01,4.544622e+00,2.461729e+00,-3.570055e+00,9.064700e+00,6.523011e-01,2.070734e+00,-7.698124e+00,-2.938617e+00,1.934119e-02,0,0,7.601832e-05,1.559748e+00,2.447435e+00,1.080815e+00,-2.574275e+00,-1.828894e+00,-1.440863e+00,-1.246464e+00,-1.804556e+00,-5.694206e+00,-2.177173e-01,-1.543969e+00,3.419827e-01,6.044116e-05,0,0
3.352241e-04,1.612819e+00,1.741653e+00,-1.602910e+01,-1.623138e+01,1.497333e+00,-4.700429e-01,-5.490337e+00,5.865753e+00,-8.812592e+00,3.076035e+00,-8.972671e+00,-2.710656e+00,2.296766e-02,0,0,1.149006e-04,1.401507e+00,2.070625e+00,1.731491e+00,-2.442083e+00,-2.626176e+00,-2.175399e+00,-2.226432e+00,-3.535550e+00,-7.174413e+00,9.696724e-01,-7.683085e-01,1.531047e+00,9.972801e-04,0,0
4.634742e-04,2.758195e+00,3.963833e+00,-1.320489e+01,-1.734359e+01,-2.289379e+00,-3.073214e+00,-7.989458e+00,-2.205425e-01,-1.699686e+01,3.644130e+00,-9.565133e+00,-3.623582e-01,2.387428e-02,0,0,1.466977e-04,7.822975e-01,8.970415e-01,1.690794e+00,-2.456076e+00,-2.235623e+00,-1.725613e+00,-2.122270e+00,-3.278043e+00,-5.614987e+00,2.742368e+00,-1.445112e-01,2.440795e+00,-2.115443e-04,0,0
6.623681e-04,2.968477e+00,3.817781e+00,-1.213938e+01,-2.106513e+01,-4.308216e+00,-4.693017e+00,-1.093635e+01,-1.930683e+00,-2.167100e+01,8.720200e+00,-7.826567e+00,4.820837e+00,2.085222e-02,0,0,1.454678e-04,9.657834e-02,-7.448782e-01,1.409086e+00,-1.474513e+00,-1.255897e+00,-1.453774e+00,-1.931062e+00,-2.011197e+00,-2.244302e+00,3.454962e+00,-9.521490e-01,1.915026e+00,-1.239045e-03,0,0
8.135997e-04,2.735430e+00,2.075086e+00,-1.127466e+01,-2.224502e+01,-3.730721e+00,-4.054852e+00,-1.145840e+01,-3.427294e+00,-2.099343e+01,1.296049e+01,-8.993731e+00,5.499609e+00,1.934119e-02,0,0,1.113025e-04,-4.841108e-01,-2.098040e+00,1.446223e+00,-4.412243e-01,-4.334450e-01,-2.452130e+00,-1.337977e+00,-1.310865e-01,9.623162e-01,2.916206e+00,-2.469540e+00,2.234754e-01,-1.208825e-03,0,0
8.875003e-04,2.107093e+00,-1.038365e+00,-9.948794e+00,-2.115323e+01,-4.061479e+00,-7.248092e+00,-1.341118e+01,-2.586854e+00,-1.803582e+01,1.569267e+01,-1.401912e+01,3.933489e+00,1.903898e-02,0,0,6.759007e-05,-9.393669e-01,-2.676047e+00,2.246440e+00,8.136637e-01,-6.735506e-01,-3.913457e+00,2.317230e-01,1.028197e+00,2.224344e+00,7.104412e-01,-3.472750e+00,-8.997834e-01,-1.208827e-04,1.402067e+01,5.268244e-02
9.074206e-04,7.683330e-01,-4.098294e+00,-7.069071e+00,-1.950566e+01,-4.579972e+00,-1.405633e+01,-1.344193e+01,-5.478899e-01,-1.400287e+01,1.473892e+01,-1.881656e+01,1.198693e+00,1.873678e-02,0,0,5.053157e-05,-1.328145e+00,-2.338551e+00,3.308631e+00,9.161230e-01,-1.618585e+00,-4.511406e+00,2.389783e+00,1.390548e+00,1.310137e+00,-1.082617e+00,-2.450259e+00,-3.700271e-01,9.972804e-04,3.494809e+01,1.307504e-01
9.534080e-04,-7.448082e-01,-6.475763e+00,-3.009972e+00,-1.836650e+01,-7.251343e+00,-1.925957e+01,-8.785969e+00,1.770600e+00,-1.404455e+01,1.138319e+01,-2.027890e+01,2.472378e+00,2.055001e-02,7.010333e+01,2.634122e-01,5.948208e-05,-1.546719e+00,-1.303232e+00,3.910097e+00,1.996084e-01,-2.297797e+00,-2.858157e+00,4.270321e+00,5.132077e-01,-5.509232e-01,-1.186345e+00,-4.892122e-01,5.747795e-01,2.236325e-03,5.561066e+01,2.075789e-01
1.033304e-03,-2.479342e+00,-6.898970e+00,1.799090e+00,-1.905778e+01,-1.022871e+01,-2.060615e+01,-1.822089e+00,1.346716e+00,-1.643838e+01,9.702147e+00,-1.811514e+01,4.380029e+00,2.357208e-02,1.396888e+02,5.220459e-01,7.415949e-05,-1.524457e+00,-1.270315e-01,3.613840e+00,-4.155308e-01,-2.366813e+00,-2.139606e-01,4.036952e+00,-9.922115e-01,-1.698035e+00,2.655227e-01,5.800192e-01,8.683457e-01,2.719855e-03,5.484645e+01,2.041846e-01
1.121969e-03,-4.002666e+00,-6.154188e+00,5.167609e+00,-2.037913e+01,-1.272609e+01,-1.826397e+01,2.130511e+00,-9.681184e-01,-1.957268e+01,1.227933e+01,-1.681589e+01,5.216718e+00,2.780296e-02,2.082089e+02,7.768714e-01,6.436426e-05,-1.220677e+00,7.381070e-01,2.528944e+00,-5.375546e-01,-1.748535e+00,1.868888e+00,1.685896e+00,-2.188051e+00,-1.322818e+00,1.978525e+00,3.353470e-01,2.378062e-01,1.662134e-03,3.271144e+01,1.221883e-01
1.193937e-03,-5.225024e+00,-4.894239e+00,6.911337e+00,-2.057700e+01,-1.367666e+01,-1.562393e+01,1.284591e+00,-4.139588e+00,-1.972899e+01,1.561847e+01,-1.764797e+01,4.168252e+00,2.870958e-02,2.051795e+02,7.641932e-01,2.825103e-05,-7.019044e-01,1.196329e+00,1.284732e+00,-6.302948e-02,-1.120473e+00,2.892148e+00,-6.948241e-01,-2.301337e+00,-3.899025e-01,2.268441e+00,-3.296524e-01,2.286816e-02,-5.137507e-04,1.054621e+01,4.235553e-02
1.194912e-03,-5.475353e+00,-3.787594e+00,7.078623e+00,-2.029466e+01,-1.427004e+01,-1.240623e+01,-1.909827e+00,-6.426504e+00,-1.901334e+01,1.831765e+01,-1.883575e+01,3.767298e+00,2.629193e-02,2.009152e+02,7.532799e-01,-2.356863e-05,-6.725278e-02,1.268235e+00,4.946302e-01,6.549404e-01,-9.667951e-01,3.000496e+00,-1.394515e+00,-1.467584e+00,-2.124786e-03,1.041790e+00,-4.511154e-01,2.258941e-01,-2.568752e-03,-1.675451e+01,-5.825464e-02
1.138087e-03,-5.252521e+00,-2.100624e+00,7.267244e+00,-1.941516e+01,-1.505910e+01,-9.074277e+00,-3.276041e+00,-7.430773e+00,-1.866756e+01,1.802519e+01,-1.875347e+01,5.219080e+00,2.175884e-02,1.960667e+02,7.456192e-01,-8.313604e-05,5.471848e-01,1.167600e+00,5.045719e-02,1.517127e+00,-1.308006e+00,2.389529e+00,-6.787323e-01,-6.056839e-01,-7.186354e-01,-6.492739e-01,1.115341e-01,3.476435e-01,-3.022061e-03,-3.549380e+01,-1.292452e-01
1.032051e-03,-4.325181e+00,-1.209820e+00,7.462807e+00,-1.768535e+01,-1.686885e+01,-6.536315e+00,-2.561748e+00,-6.660446e+00,-2.011402e+01,1.628492e+01,-1.851872e+01,5.820774e+00,1.843457e-02,1.289928e+02,4.948852e-01,-1.439773e-04,7.920718e-01,1.211067e+00,-3.905923e-01,3.000336e+00,-1.130417e+00,1.338890e+00,2.174118e-01,-3.117681e-01,-8.544148e-01,-1.938575e+00,1.357234e+00,-2.606445e-01,-1.692354e-03,-5.342255e+01,-2.005014e-01
8.596879e-04,-3.064185e+00,-3.451246e-01,6.971531e+00,-1.429602e+01,-1.891729e+01,-6.611246e+00,-1.783110e+00,-7.051037e+00,-2.277183e+01,1.338847e+01,-1.724882e+01,4.879731e+00,1.752795e-02,6.367164e+01,2.471648e-01,-1.753902e-04,3.547046e-01,1.587589e+00,-1.166549e+00,4.870146e+00,-2.239861e-01,2.634504e-01,4.744097e-02,-3.732562e-01,5.483906e-01,-2.611967e+00,2.707661e+00,-8.030289e-01,2.568752e-03,-5.211262e+01,-1.986124e-01
6.142255e-04,-2.609161e+00,1.389994e+00,5.273518e+00,-7.852549e+00,-1.799303e+01,-6.943297e+00,-1.569233e+00,-8.175213e+00,-2.123328e+01,1.094314e+01,-1.280191e+01,2.633750e+00,1.994560e-02,0,0,-1.278685e-04,-8.079895e-01,2.079312e+00,-2.323294e+00,5.920321e+00,1.236920e+00,-1.097757e-01,-7.377102e-01,-2.890215e-01,3.245138e+00,-2.450805e+00,3.903632e+00,-3.329800e-01,1.353883e-02,-3.216573e+01,-1.236935e-01
4.700489e-04,-4.337008e+00,4.537412e+00,2.529143e+00,1.917267e-02,-1.561694e+01,-7.553534e+00,-3.535093e+00,-8.539671e+00,-1.536597e+01,7.636246e+00,-8.073571e+00,2.797447e+00,3.384708e-02,0,0,5.973486e-06,-2.031611e+00,2.244457e+00,-3.134913e+00,4.946848e+00,2.043812e+00,4.917011e-01,-6.926343e-01,6.544582e-01,5.079171e+00,-2.078007e+00,3.723381e+00,5.740104e-01,2.961620e-02,-1.273433e+01,-4.943296e-02
5.875282e-04,-7.728718e+00,6.745470e+00,-1.932470e+00,4.758662e+00,-1.233442e+01,-6.614050e+00,-5.374307e+00,-7.361237e+00,-7.591255e+00,6.907001e+00,-3.588181e+00,5.197016e+00,7.796917e-02,0,0,1.782384e-04,-2.532634e+00,1.638480e+00,-3.283671e+00,2.377879e+00,1.790643e+00,1.283887e+00,1.618923e-01,1.345216e+00,4.577182e+00,-1.179359e+00,2.741966e+00,1.022147e+00,4.303415e-02,0,0
9.029040e-04,-1.066246e+01,8.199424e+00,-5.100040e+00,4.132619e+00,-1.152754e+01,-4.317364e+00,-3.343745e+00,-4.185734e+00,-4.196985e+00,5.016500e+00,-3.238776e+00,6.468150e+00,1.365972e-01,0,0,2.668011e-04,-2.105035e+00,6.701223e-01,-2.465690e+00,6.885147e-02,1.295957e+00,1.767491e+00,1.370120e+00,1.373191e+00,2.637186e+00,-5.019950e-01,1.225300e+00,4.099641e-01,3.995165e-02,0,0
1.288990e-03,-1.210960e+01,7.751389e+00,-7.330244e+00,1.980124e+00,-1.108452e+01,-2.141949e+00,-8.554460e-01,-3.626102e+00,-3.931868e+00,6.356214e+00,-1.509478e+00,5.909133e+00,1.837413e-01,0,0,2.407478e-04,-1.276470e+00,-2.647924e-03,-1.132870e+00,-2.829205e-01,6.869728e-01,1.178995e+00,1.370958e+00,9.387934e-01,6.528863e-01,-7.273950e-02,5.176632e-02,-2.790220e-01,2.242370e-02,0,0
1.453323e-03,-1.267174e+01,7.385064e+00,-7.100420e+00,1.752699e+00,-9.762109e+00,-9.521282e-01,1.056078e+00,-3.541285e+00,-4.009736e+00,5.401665e+00,-2.986424e+00,4.491209e+00,1.807193e-01,0,0,1.333096e-04,-6.079243e-01,-3.312607e-01,-3.793073e-01,7.667754e-01,4.100181e-01,3.126532e-01,1.867156e-02,2.791423e-01,5.193291e-02,4.076568e-01,-4.053754e-01,-1.665988e-01,7.796915e-03,0,0
1.516058e-03,-1.310643e+01,7.139410e+00,-6.596632e+00,4.534019e+00,-9.782269e+00,-2.401691e+00,-7.194306e-01,-2.989494e+00,-4.420448e+00,6.350722e+00,-3.455525e+00,4.790376e+00,1.680266e-01,0,0,1.144342e-05,-2.609698e-01,-3.710798e-01,-1.820491e-01,1.356964e+00,-7.678022e-02,-6.704247e-02,-6.331500e-01,3.590367e-01,2.010716e-01,6.738797e-01,-4.441765e-01,2.592102e-01,4.623746e-03,0,0
1.455918e-03,-1.320367e+01,6.849110e+00,-7.363383e+00,6.689548e+00,-1.012857e+01,-2.624226e+00,-3.318394e+00,-3.108327e+00,-3.693030e+00,7.057531e+00,-4.292630e+00,6.194534e+00,1.834391e-01,0,0,-8.527901e-05,5.547428e-02,-5.653790e-01,-4.066176e-01,1.017651e+00,-3.847370e-01,3.193457e-01,-1.002554e+00,-6.725063e-02,5.021889e-01,1.185289e+00,3.883526e-01,9.113618e-01,3.686911e-03,0,0
1.344910e-03,-1.314849e+01,6.163967e+00,-8.109008e+00,6.296520e+00,-1.128519e+01,-1.641112e+00,-1.833960e+00,-2.047398e+00,-3.084862e+00,8.897679e+00,-3.077257e+00,6.353522e+00,2.055001e-01,0,0,-1.640674e-04,3.797693e-01,-7.291042e-01,-4.719509e-01,-8.466010e-02,-1.646333e-01,9.639925e-01,-9.207202e-02,-4.670177e-01,5.821368e-01,1.151578e+00,1.176358e+00,8.575616e-01,-1.341795e-02,0,0
1.112502e-03,-1.237334e+01,5.045890e+00,-8.377319e+00,5.959704e+00,-1.093433e+01,2.643104e-01,-3.399428e+00,-4.348587e+00,-2.166584e+00,1.005463e+01,-1.233796e+00,8.266445e+00,1.804170e-01,0,0,-1.841787e-04,5.951144e-01,-4.827046e-01,-1.376419e-01,-3.564566e-01,2.539470e-01,8.846086e-01,-2.082734e-01,-6.549290e-01,3.523800e-01,8.465059e-01,1.488087e+00,3.957021e-01,-3.647627e-02,0,0
8.674285e-04,-1.162275e+01,4.395499e+00,-8.449418e+00,4.475641e+00,-1.020255e+01,9.740029e-01,-1.139274e+00,-4.704453e+00,-2.272987e+00,1.061006e+01,8.968449e-01,8.042229e+00,1.024479e-01,0,0,-1.507087e-04,5.659692e-01,-2.642670e-02,1.038009e-01,-2.168179e-01,6.104018e-01,3.033885e-01,-5.165921e-01,-1.779300e-01,1.401634e-01,3.000993e-01,6.958546e-01,-5.538822e-01,-3.641583e-02,0,0
7.737652e-04,-1.099097e+01,5.319821e+00,-7.881387e+00,5.817705e+00,-9.400154e+00,4.912589e-01,-4.707104e+00,-5.054445e+00,-2.337068e+00,1.043387e+01,1.160753e+00,7.328691e+00,5.258386e-02,0,0,-9.517536e-05,2.676640e-01,2.713496e-01,8.725248e-02,-3.245755e-01,3.948053e-01,-4.763565e-01,-4.089538e-01,7.243303e-01,3.777228e-02,1.302625e-01,-4.063237e-01,-1.153683e+00,-5.197945e-03,0,0
7.607348e-04,-1.100983e+01,5.894868e+00,-7.837969e+00,5.283430e+00,-9.000272e+00,-2.376437e-01,-3.763082e+00,-2.584119e+00,-2.298804e+00,1.020856e+01,-7.952587e-01,4.052988e+00,8.733756e-02,0,0,-8.180567e-05,1.583548e-01,5.342712e-02,2.253022e-02,-6.732209e-01,-2.691936e-03,-9.922695e-01,-8.550606e-01,7.619242e-01,6.450520e-02,2.214626e-01,-4.370911e-01,-7.006252e-01,2.889090e-02,0,0
6.899723e-04,-1.134148e+01,5.652954e+00,-8.246781e+00,3.932932e+00,-9.561448e+00,-1.511649e+00,-4.132292e+00,-1.787102e+00,-1.964814e+00,1.090670e+01,-2.419362e+00,4.492649e+00,1.619825e-01,0,0,-1.189382e-04,4.159209e-01,-5.200607e-01,-4.819026e-02,-1.312033e+00,-1.186726e-01,-1.254923e+00,-5.001952e-01,-4.710109e-02,-7.485349e-02,-2.719612e-02,5.285841e-01,2.119853e-01,2.982774e-02,0,0
5.002966e-04,-1.065572e+01,4.496068e+00,-8.154070e+00,2.051923e+00,-1.013537e+01,-2.985891e+00,-5.701983e+00,-2.528503e+00,-2.136588e+00,1.148096e+01,5.014470e-01,5.957124e+00,1.922031e-01,0,0,-1.540821e-04,9.719407e-01,-7.945707e-01,3.163110e-01,-1.022575e+00,5.140179e-01,-1.379640e+00,-1.026155e+00,-1.172363e+00,-7.699566e-01,-6.965913e-01,1.675735e+00,5.503443e-01,-7.252932e-04,0,0
3.092934e-04,-9.088416e+00,3.418918e+00,-7.964288e+00,8.732929e-01,-9.425969e+00,-4.409234e+00,-6.238630e+00,-5.317758e+00,-2.792443e+00,9.661686e+00,3.155321e+00,7.436550e+00,1.492898e-01,0,0,-1.449734e-04,1.266306e+00,-8.200876e-01,6.999587e-01,-2.433166e-01,1.272842e+00,-1.476550e+00,-5.842693e-01,-1.395436e+00,-1.095116e+00,-1.515188e+00,1.403636e+00,-6.043553e-02,-2.852825e-02,0,0
1.806635e-04,-7.276655e+00,3.039033e+00,-6.397661e+00,1.700376e+00,-6.497921e+00,-5.687054e+00,-7.840691e+00,-6.680604e+00,-5.734772e+00,7.348104e+00,4.796074e+00,5.332759e+00,9.005743e-02,0,0,-9.499017e-05,9.440750e-01,-6.600584e-01,7.294700e-01,5.408729e-01,1.668156e+00,-1.431721e+00,2.025175e-01,-4.633030e-01,-5.992039e-01,-1.337535e+00,2.444246e-01,-7.918876e-01,-3.097613e-02,0,0
1.249219e-04,-6.699482e+00,2.281033e+00,-5.625192e+00,2.892122e+00,-5.015960e+00,-7.543817e+00,-5.984285e+00,-6.688233e+00,-5.641302e+00,5.397186e+00,2.451506e+00,4.502654e+00,7.041403e-02,0,0,-4.616188e-05,2.988841e-01,-4.842854e-01,5.668402e-01,8.439385e-01,1.437485e+00,-8.751421e-01,8.707455e-01,5.836476e-01,5.446989e-01,-7.215612e-01,-8.142935e-01,-1.540057e+00,-1.710486e-02,0,0
1.175315e-04,-7.129810e+00,1.764718e+00,-5.676268e+00,3.746873e+00,-3.999593e+00,-8.577204e+00,-4.816568e+00,-4.159781e+00,-3.708179e+00,6.925535e+00,2.075477e+00,3.464634e+00,7.676035e-02,0,0,-1.660332e-05,-1.605043e-01,-3.959896e-01,1.283945e-01,3.101708e-01,6.458725e-01,1.250982e-02,1.666396e+00,8.397835e-01,1.257506e+00,-2.380553e-01,-1.183598e+00,-1.442116e+00,-8.220008e-03,0,0
1.100500e-04,-7.667418e+00,1.634648e+00,-5.490784e+00,4.069737e+00,-3.487707e+00,-7.339869e+00,-3.396963e+00,-3.659931e+00,-1.082245e+00,6.265165e+00,4.441523e-01,6.703291e-01,7.041403e-02,0,0,-6.415230e-06,-2.742760e-01,-4.035066e-01,-2.967725e-01,-1.403709e-01,7.454507e-02,7.552150e-01,1.712295e+00,2.212397e-01,4.979868e-01,-5.073865e-01,-5.545314e-01,-8.546150e-01,-1.009369e-02,0,0
1.050829e-04,-7.595209e+00,1.382277e+00,-5.822893e+00,2.662423e+00,-4.032686e+00,-5.726479e+00,-8.023739e-01,-3.995836e+00,-1.726772e+00,5.723839e+00,-1.182365e-01,3.834128e-02,4.895739e-02,0,0,-3.634703e-06,-4.401170e-01,-4.576909e-01,-5.645012e-01,-1.238847e+00,-6.981261e-02,7.261751e-01,1.303572e+00,1.473194e-01,-6.330396e-01,-6.298146e-01,1.987699e-01,6.920759e-01,-1.133273e-02,0,0
9.907006e-05,-7.838163e+00,4.547202e-01,-7.035742e+00,2.732493e+00,-4.626688e+00,-5.193104e+00,5.700927e-01,-5.664007e+00,-4.142071e+00,3.461102e+00,7.757061e-01,1.942725e+00,3.384708e-02,0,0,2.118557e-05,-9.845211e-01,-5.328909e-01,-4.739040e-01,-2.340501e+00,1.061741e+00,3.587257e-01,6.409448e-01,1.641773e+00,-1.025559e+00,-3.530068e-02,7.599057e-01,1.941219e+00,-5.772137e-03,0,0
1.048480e-04,-9.245023e+00,6.622738e-02,-7.726295e+00,-1.778738e+00,-3.779165e+00,-6.019711e+00,-2.822361e-01,-2.421146e+00,-5.343463e+00,5.178493e+00,2.903550e+00,6.288816e+00,3.838018e-02,0,0,4.893868e-05,-9.670395e-01,-1.271349e-02,2.063309e-01,-3.754946e+00,2.308835e+00,-2.252303e-01,-1.022677e+00,3.298584e+00,1.889656e-02,8.965803e-01,1.467737e-01,1.749678e+00,1.299487e-03,0,0
2.160953e-04,-1.176512e+01,-3.717813e-01,-6.908602e+00,-5.412189e+00,1.694238e+00,-5.399624e+00,-4.523083e-01,3.761591e+00,-4.401693e+00,6.361334e+00,2.732787e+00,7.251189e+00,4.684195e-02,0,0,8.776216e-05,-1.145136e-01,3.886603e-01,8.643414e-01,-4.976369e+00,2.603109e+00,-6.758400e-01,-2.309055e+00,3.916987e+00,1.401589e+00,1.707936e+00,-1.640493e+00,6.919767e-01,2.387429e-03,0,0
2.912637e-04,-1.046693e+01,1.731961e+00,-4.854808e+00,-1.203997e+01,4.351026e+00,-6.749370e+00,-5.404557e+00,7.784282e+00,-1.502478e+00,8.756624e+00,-3.629085e-01,6.132497e+00,4.895739e-02,0,0,1.036768e-04,1.469365e+00,4.378266e-01,9.408405e-01,-5.149947e+00,1.285283e+00,-1.146687e+00,-3.313137e+00,2.549490e+00,2.066276e+00,1.785952e+00,-3.529960e+00,-3.345376e-01,-1.903898e-03,0,0
4.446730e-04,-7.799778e+00,1.565155e+00,-4.149778e+00,-1.701874e+01,4.323759e+00,-8.207475e+00,-8.414020e+00,8.818213e+00,9.453804e-01,1.021171e+01,-5.793530e+00,5.480768e+00,4.049562e-02,0,0,9.759735e-05,2.324867e+00,-1.433010e-01,6.391605e-01,-4.500043e+00,-7.813897e-01,-1.494838e+00,-3.090902e+00,8.063617e-01,1.814077e+00,2.142562e+00,-3.999662e+00,-4.294646e-01,-5.862799e-03,0,0
5.089430e-04,-3.880869e+00,1.286892e+00,-4.401505e+00,-2.172520e+01,1.332489e+00,-1.034922e+01,-1.286706e+01,7.797994e+00,2.314380e+00,1.218306e+01,-1.048309e+01,5.501338e+00,3.203385e-02,0,0,7.246157e-05,1.943914e+00,-8.124802e-01,3.175671e-01,-2.342166e+00,-1.975546e+00,-1.431171e+00,-1.449754e+00,-1.730938e-01,1.213334e+00,1.843384e+00,-2.910296e+00,-3.331358e-01,-6.346329e-03,0,0
5.952424e-04,-3.433810e+00,-8.657522e-01,-3.939452e+00,-2.306979e+01,-7.034423e-01,-1.107389e+01,-1.217556e+01,7.786543e+00,2.760262e+00,1.536092e+01,-1.220543e+01,5.419445e+00,2.598973e-02,0,0,2.474918e-05,1.193247e+00,-7.731570e-01,2.973158e-01,-8.241978e-02,-2.263037e+00,-1.340947e+00,1.325988e-01,-4.663676e-01,3.948959e-01,1.334437e+00,-7.286185e-01,-5.118731e-01,-4.079783e-03,0,0
5.782869e-04,-2.930346e+00,-1.114986e+00,-3.372136e+00,-2.072527e+01,-3.013102e+00,-1.247202e+01,-1.077256e+01,7.434648e+00,3.656750e+00,1.539894e+01,-1.170844e+01,4.497480e+00,2.447869e-02,0,0,-1.044300e-05,5.321375e-01,-4.475260e-01,4.973459e-01,1.663931e+00,-2.111869e+00,-1.011717e+00,1.565950e+00,-1.790510e-01,-5.317522e-01,1.129685e-01,1.025685e+00,-6.487631e-01,-1.903899e-03,0,0
5.337470e-04,-2.308806e+00,-1.099691e+00,-3.177883e+00,-1.793080e+01,-4.818630e+00,-1.385081e+01,-8.798280e+00,6.668048e+00,2.248675e+00,1.527596e+01,-8.823949e+00,3.423331e+00,2.387428e-02,0,0,-3.690023e-05,3.571085e-01,5.393165e-02,9.609181e-01,1.928919e+00,-2.002495e+00,-7.958579e-01,2.176377e+00,-8.295417e-02,-1.585970e+00,-1.151241e+00,1.621601e+00,-5.073565e-01,-5.137503e-04,0,0
4.874757e-04,-1.782683e+00,-8.337684e-01,-2.295559e+00,-1.597504e+01,-7.169263e+00,-1.401934e+01,-6.725955e+00,7.461987e+00,-8.858705e-02,1.279039e+01,-7.045407e+00,3.255580e+00,2.357208e-02,0,0,-3.612173e-05,-1.596849e-02,1.301304e-01,1.608356e+00,1.235430e+00,-1.851071e+00,-1.485735e-01,2.417990e+00,-4.463968e-02,-2.515973e+00,-1.382237e+00,1.595540e+00,-4.143148e-01,-1.813240e-04,0,0
4.561468e-04,-2.222099e+00,-7.367029e-01,3.268496e-01,-1.580031e+01,-8.637837e+00,-1.427952e+01,-3.316977e+00,7.358103e+00,-3.296921e+00,1.090900e+01,-6.428938e+00,3.503613e+00,2.387428e-02,0,0,-3.019073e-05,-3.757543e-01,9.406434e-02,2.028025e+00,7.382640e-01,-1.460557e+00,6.379579e-01,1.952399e+00,2.069678e-02,-2.786594e+00,-7.653761e-01,9.364821e-01,-5.462071e-01,-3.725290e-10,0,0
4.364783e-04,-3.053542e+00,-6.458282e-01,2.917275e+00,-1.561337e+01,-1.035885e+01,-1.300053e+01,-1.423257e+00,6.866422e+00,-6.150318e+00,1.067124e+01,-4.928247e+00,2.385765e+00,2.357207e-02,0,0,-3.184693e-05,-4.006558e-01,1.746231e-01,1.535507e+00,1.193109e+00,-8.874372e-01,1.356429e+00,1.010149e+00,1.015218e-01,-2.695378e+00,1.393061e-01,4.362896e-01,-8.506625e-01,-1.813240e-04,0,0
4.082920e-04,-3.552149e+00,-7.233393e-01,4.355827e+00,-1.442031e+01,-1.052662e+01,-1.117043e+01,-1.687633e+00,7.069314e+00,-8.653428e+00,1.250866e+01,-5.200119e+00,1.127203e+00,2.387428e-02,0,0,-4.243952e-05,2.185760e-02,4.691300e-01,2.570976e-01,2.269112e+00,-5.176441e-01,1.825109e+00,2.028693e-01,1.988705e-01,-2.012399e+00,4.749719e-01,-4.039312e-01,-8.525567e-01,-4.533093e-04,0,0
3.521685e-04,-3.120938e+00,3.266541e-02,3.367486e+00,-1.069949e+01,-1.066206e+01,-8.791743e+00,-2.489884e+00,8.113990e+00,-1.088722e+01,1.268709e+01,-5.478369e+00,1.904718e-01,2.266546e-02,0,0,-4.979572e-05,4.931884e-01,7.863250e-01,-9.788437e-01,2.931724e+00,-2.112929e-01,1.358340e+00,3.719711e-01,-1.114231e-01,-9.558206e-01,-2.548885e-03,-1.576072e+00,-8.389573e-01,-1.087942e-03,0,0
2.861041e-04,-2.079113e+00,1.269700e+00,1.387232e+00,-6.911686e+00,-1.107446e+01,-7.258367e+00,-1.769317e+00,7.728672e+00,-1.099046e+01,1.227593e+01,-8.173533e+00,3.384758e-01,2.206104e-02,0,0,-4.425331e-05,7.519543e-01,8.683227e-01,-1.506143e+00,2.764277e+00,-3.213872e-01,6.660269e-01,9.521939e-01,-9.024754e-01,1.019503e-01,-6.757981e-01,-2.257201e+00,-8.359684e-01,-1.873678e-03,0,0
2.485937e-04,-1.324118e+00,2.289277e+00,-4.926458e-01,-4.709061e+00,-1.114140e+01,-8.164860e+00,4.774405e-01,5.979628e+00,-9.760903e+00,1.077486e+01,-1.132190e+01,-1.414658e+00,1.903898e-02,0,0,-2.749391e-05,6.661361e-01,5.363329e-01,-1.024669e+00,1.796666e+00,-3.458905e-01,3.398503e-01,1.063806e+00,-1.446639e+00,4.296337e-01,-1.131638e+00,-2.539209e+00,-9.925411e-01,-2.629193e-03,0,0
2.388129e-04,-6.907873e-01,2.489969e+00,-1.244820e+00,-3.594141e+00,-1.189388e+01,-8.153732e+00,1.589674e+00,3.624119e+00,-8.706837e+00,1.008578e+01,-1.356436e+01,-2.250074e+00,1.631913e-02,0,0,-1.140959e-05,5.078393e-01,8.088239e-02,-3.093301e-01,1.114430e+00,-5.679309e-01,5.472056e-01,5.777127e-01,-1.709290e+00,-5.978851e-02,-1.573934e+00,-1.855349e+00,-8.533891e-01,-3.082502e-03,0,0
2.383445e-04,-4.844196e-01,2.104196e+00,-4.398309e-01,-3.374931e+00,-1.198180e+01,-6.644809e+00,1.149649e+00,2.933070e+00,-9.880868e+00,8.123971e+00,-1.547900e+01,-3.477959e+00,1.239045e-02,0,0,-5.937363e-06,4.892767e-01,-4.514350e-02,1.150514e-01,8.749121e-01,-5.763806e-01,8.920091e-01,-1.448195e-01,-1.817603e+00,-7.546207e-01,-2.106512e+00,-3.788788e-01,-3.517107e-01,-2.689634e-03,0,0
2.341807e-04,4.023464e-02,1.766653e+00,-1.858258e-01,-2.006603e+00,-1.349391e+01,-5.282364e+00,7.831421e-01,7.055037e-01,-1.122942e+01,5.731703e+00,-1.537173e+01,-2.896819e+00,9.972801e-03,0,0,-1.072137e-05,2.999790e-01,4.685398e-01,2.048600e-03,1.165160e+00,2.590303e-01,5.764646e-01,-7.067189e-01,-1.895736e+00,-5.404466e-01,-2.132363e+00,1.659909e+00,-2.457654e-01,-7.252946e-04,0,0
2.212229e-04,7.567551e-01,2.425217e+00,-4.468863e-01,-1.128270e+00,-1.322329e+01,-5.140498e+00,1.566092e-01,-1.649080e+00,-1.227271e+01,2.419337e+00,-1.231261e+01,-2.849838e+00,8.763977e-03,0,0,-1.388187e-05,-2.092699e-01,1.389032e+00,-3.931870e-01,1.515070e+00,1.419158e+00,3.456359e-01,-5.657844e-01,-1.468603e+00,5.919169e-01,-1.241794e+00,3.213850e+00,5.154371e-04,4.321547e-03,0,0
1.937669e-04,1.885206e-01,4.672157e+00,-1.231050e+00,1.108329e+00,-9.977986e+00,-6.023565e+00,-1.447401e+00,-3.563487e+00,-1.021315e+01,2.276284e+00,-6.848008e+00,-3.792961e+00,1.450589e-02,0,0,-3.005155e-06,-1.300705e+00,1.810095e+00,-7.920789e-01,1.177797e+00,2.283822e+00,6.446038e-01,-7.509041e-01,-2.780934e-01,1.610357e+00,2.783727e-01,3.510496e+00,2.641073e-01,1.269266e-02,0,0
1.891421e-04,-1.604912e+00,7.596602e+00,-1.883154e+00,2.642952e+00,-6.643969e+00,-4.546030e+00,-5.640017e-01,-2.275450e+00,-7.429422e+00,3.642709e+00,-3.671608e+00,-3.027311e+00,3.173164e-02,0,0,2.541024e-05,-2.388081e+00,1.251681e+00,-1.009506e+00,6.197866e-01,2.005689e+00,1.464503e+00,-6.654726e-01,7.457138e-01,1.569631e+00,1.268555e+00,2.599071e+00,1.239268e+00,1.876700e-02,0,0
2.351953e-04,-5.282458e+00,8.231434e+00,-3.428086e+00,1.996770e+00,-5.364459e+00,-2.356580e+00,-2.611073e+00,-3.717785e-01,-5.599287e+00,6.511880e+00,-2.139749e+00,-1.487547e+00,6.195225e-02,0,0,6.662988e-05,-2.933975e+00,-1.900016e-01,-1.277439e+00,-1.893788e-01,1.175427e+00,1.880726e+00,-5.578624e-01,9.761435e-01,3.803684e-01,1.278838e+00,1.857484e+00,2.411781e+00,2.490178e-02,0,0
3.275599e-04,-8.448159e+00,6.903986e+00,-4.395895e+00,1.526443e+00,-5.501606e+00,3.485224e-01,-2.588918e+00,4.836349e-01,-6.731487e+00,6.644314e+00,-1.671386e+00,2.193794e+00,7.887579e-02,0,0,1.096934e-04,-2.742765e+00,-1.077062e+00,-1.382238e+00,-1.873681e-01,4.831664e-01,1.486014e+00,-5.920637e-01,5.169377e-01,-3.223669e-01,7.348168e-01,1.563453e+00,2.325553e+00,3.339378e-02,0,0
4.577074e-04,-1.105973e+01,4.068457e+00,-6.361876e+00,7.196898e-01,-4.672035e+00,9.327908e-01,-3.224254e+00,-6.231194e-02,-8.660273e+00,7.169672e+00,1.439302e+00,5.655389e+00,1.154427e-01,0,0,1.383241e-04,-1.987741e+00,-8.075802e-01,-1.380318e+00,2.444127e-01,-1.490363e-01,5.990384e-01,-1.848944e-01,2.069114e-01,-2.383785e-01,-1.121406e-01,1.396663e+00,9.931810e-01,4.865518e-02,0,0
6.263529e-04,-1.243010e+01,4.292779e+00,-7.327449e+00,2.344651e+00,-4.574349e+00,1.239353e+00,-3.217730e+00,1.545053e-01,-7.510764e+00,6.987896e+00,2.356130e+00,5.028987e+00,1.719553e-01,0,0,1.386472e-04,-1.250502e+00,1.205242e-01,-1.161563e+00,5.608335e-01,-9.687811e-01,-4.779824e-02,-5.289965e-02,4.062937e-01,6.398860e-01,-8.928286e-01,9.165708e-01,-1.409393e+00,6.122696e-02,0,0
7.774192e-04,-1.323019e+01,5.499136e+00,-8.863897e+00,2.809729e+00,-6.573268e+00,1.931971e-01,-3.221139e+00,8.273432e-01,-6.401541e+00,5.779386e+00,2.829809e+00,2.060762e+00,2.586884e-01,0,0,1.025209e-04,-7.419801e-01,4.162190e-01,-6.353539e-01,2.274955e-01,-1.602663e+00,3.557599e-03,9.306191e-01,7.977425e-01,1.011676e+00,-1.463218e+00,6.163049e-02,-2.800505e+00,5.856755e-02,0,0
8.609401e-04,-1.361544e+01,6.791267e+00,-8.952701e+00,3.285590e+00,-9.394895e+00,4.793281e-01,-2.854974e+00,2.070276e+00,-4.661423e+00,2.875314e+00,2.216215e+00,-3.055855e+00,3.133878e-01,0,0,4.489444e-05,-6.858822e-01,-1.957655e-01,2.995508e-01,-4.638414e-01,-1.426971e+00,-2.842276e-02,1.635875e+00,1.080746e+00,5.319387e-01,-1.318294e+00,5.668627e-02,-2.128481e+00,3.786642e-02,0,0
8.530184e-04,-1.417696e+01,4.900308e+00,-8.726020e+00,1.386698e+00,-1.027508e+01,1.330591e+00,1.247463e+00,2.968515e+00,-5.026561e+00,1.909874e+00,1.817412e+00,-4.304716e+00,3.375642e-01,0,0,-7.683930e-06,-7.648200e-01,-8.498524e-01,1.092672e+00,-7.560768e-01,-6.243460e-01,2.292435e-01,1.822342e+00,1.171018e+00,1.075726e-01,-6.084694e-01,1.602251e-01,-3.920423e-01,4.533091e-03,0,0
8.130255e-04,-1.538613e+01,3.613366e+00,-5.898634e+00,7.369599e-01,-9.858299e+00,5.285421e-01,2.727346e+00,4.487649e+00,-5.538560e+00,2.331184e+00,3.145760e+00,-2.430680e+00,3.218495e-01,0,0,-4.047498e-05,-7.910765e-01,-8.874389e-01,1.381456e+00,-2.134559e-01,4.074198e-01,8.782156e-02,1.191210e+00,7.872121e-01,-4.456763e-01,2.631299e-01,6.137906e-01,7.585434e-01,-2.568753e-02,0,0
7.629569e-04,-1.616895e+01,2.838825e+00,-4.927570e+00,3.036607e-01,-9.463296e+00,1.314808e+00,3.099410e+00,5.473748e+00,-5.425110e+00,3.009104e+00,3.166162e+00,-2.120372e-01,2.771230e-01,0,0,-5.914002e-05,-5.000857e-01,-3.791482e-01,7.129587e-01,6.423569e-01,7.578637e-01,2.572898e-02,4.552788e-01,-3.789344e-02,-4.720023e-01,6.238524e-01,5.310721e-01,5.824035e-01,-4.300393e-02,0,0
7.035960e-04,-1.657483e+01,3.384814e+00,-3.944647e+00,2.759829e+00,-7.763687e+00,9.263277e-01,2.175103e+00,4.753720e+00,-6.690530e+00,3.641349e+00,4.610793e+00,-1.309477e+00,2.151707e-01,0,0,-8.128476e-05,4.368677e-01,2.341724e-01,1.701657e-01,7.377676e-01,3.592923e-01,-4.208876e-01,-2.388456e-01,-1.813124e+00,-8.649689e-01,3.274611e-01,-4.566948e-01,-3.195185e-01,-4.427319e-02,0,0
6.120331e-04,-1.608304e+01,3.118843e+00,-6.138220e+00,3.587047e+00,-7.533066e+00,1.260343e+00,3.799979e+00,2.646013e+00,-6.810587e+00,4.374054e+00,3.740256e+00,-1.953300e+00,1.758840e-01,0,0,-8.566621e-05,1.633987e+00,4.385314e-01,7.015281e-01,-4.348830e-01,-1.395720e+00,-1.155277e+00,-1.404971e+00,-2.863223e+00,-1.544882e+00,2.653238e-01,-1.987004e+00,-1.050867e+00,-3.850105e-02,0,0
4.820636e-04,-1.324474e+01,4.644219e+00,-4.442481e+00,2.784104e+00,-9.026953e+00,-1.548664e+00,1.182834e+00,-3.164102e+00,-9.170666e+00,3.286015e+00,5.752389e-01,-3.157642e+00,1.511031e-01,0,0,-4.650231e-05,2.524049e+00,2.867439e-01,2.029387e+00,-2.558827e+00,-3.753251e+00,-1.098779e+00,-2.705813e+00,-2.396317e+00,-2.148175e+00,4.080658e-01,-3.870084e+00,-1.337317e+00,-3.493503e-02,0,0
4.453921e-04,-9.664052e+00,4.401780e+00,-1.171012e+00,-1.882892e+00,-1.581026e+01,-3.224079e+00,-3.429309e+00,-4.883458e+00,-1.190945e+01,4.513390e+00,-4.751081e+00,-4.542289e+00,1.166516e-01,0,0,3.642897e-05,2.298257e+00,-1.957602e-01,3.384252e+00,-4.175772e+00,-5.046699e+00,-2.751019e-01,-3.570279e+00,-2.490713e-01,-2.500905e+00,1.231972e+00,-4.417988e+00,-1.540347e+00,-3.553944e-02,0,0
5.544050e-04,-7.164074e+00,4.177065e+00,3.718687e+00,-7.299337e+00,-2.239134e+01,-2.325355e+00,-7.739319e+00,-3.463132e+00,-1.488197e+01,5.612010e+00,-1.049396e+01,-6.701568e+00,7.011181e-02,0,0,1.150948e-04,1.110825e+00,-7.004790e-01,3.227832e+00,-4.568364e+00,-4.357894e+00,1.077796e+00,-2.921734e+00,1.854465e+00,-1.833371e+00,1.875380e+00,-3.700665e+00,-9.218796e-01,-3.173164e-02,0,0
7.580072e-04,-7.632092e+00,2.373619e+00,6.702457e+00,-1.225009e+01,-2.608436e+01,2.731794e-01,-9.590338e+00,1.550171e+00,-1.645946e+01,9.370919e+00,-1.281508e+01,-7.883074e+00,3.868238e-02,0,0,1.372118e-04,2.301731e-02,-6.796398e-01,2.214108e+00,-3.765149e+00,-2.169371e+00,1.354873e+00,-1.978141e+00,1.820724e+00,-6.885433e-01,1.525101e+00,-2.045712e+00,-7.398558e-03,-2.109399e-02,0,0
9.012299e-04,-8.706598e+00,2.155904e+00,7.759947e+00,-1.487411e+01,-2.567937e+01,2.091688e+00,-1.034532e+01,2.891410e+00,-1.606252e+01,1.023415e+01,-1.389608e+01,-6.096647e+00,3.142944e-02,0,0,1.134939e-04,-4.046157e-01,-4.753792e-01,9.833523e-01,-2.556119e+00,-3.609543e-01,5.234215e-01,-1.328419e+00,5.716494e-01,3.987334e-01,8.188073e-01,-3.553348e-01,1.074766e+00,-9.156844e-03,2.937659e+01,5.284709e-02
9.580388e-04,-8.777703e+00,2.014161e+00,7.878897e+00,-1.692125e+01,-2.501310e+01,1.341763e+00,-1.201701e+01,1.042889e+00,-1.476190e+01,9.827826e+00,-1.327858e+01,-4.881742e+00,3.052282e-02,0,0,9.028911e-05,-1.145207e-01,-7.633849e-02,3.562564e-01,-1.505455e+00,2.924686e-01,-7.191898e-01,-1.099338e+00,-7.927327e-01,9.194795e-01,1.298914e-02,7.839090e-01,1.762961e+00,-2.719855e-03,7.325534e+01,1.324831e-01
1.021859e-03,-8.614347e+00,1.979898e+00,8.047229e+00,-1.774435e+01,-2.473174e+01,-2.425400e-01,-1.316808e+01,-3.512437e-01,-1.373708e+01,9.477592e+00,-1.203889e+01,-2.828402e+00,2.840737e-02,1.468829e+02,2.642355e-01,1.071908e-04,2.753131e-01,-1.994856e-01,1.498961e-01,-9.825217e-01,1.033531e-01,-1.526064e+00,-8.648176e-01,-9.034238e-01,7.441586e-01,3.402759e-01,1.434278e+00,1.572466e+00,-1.843457e-03,1.170503e+02,2.122023e-01
1.149138e-03,-8.250821e+00,2.079929e+00,8.340098e+00,-1.834225e+01,-2.509583e+01,-2.155656e+00,-1.367565e+01,-7.921656e-01,-1.302478e+01,9.814143e+00,-9.824136e+00,-7.023920e-01,2.659414e-02,2.928352e+02,5.302977e-01,1.374630e-04,5.175548e-01,-5.531028e-01,-1.777182e-02,-8.694903e-01,-4.605103e-02,-1.517278e+00,-1.040578e-01,-3.939815e-01,8.749847e-02,9.777120e-01,1.439543e+00,1.135157e+00,-1.934119e-03,1.185224e+02,2.061561e-01
1.341634e-03,-7.593474e+00,1.125592e+00,8.278827e+00,-1.907622e+01,-2.512124e+01,-3.789920e+00,-1.384009e+01,-7.081816e-01,-1.321028e+01,1.194237e+01,-8.451917e+00,-3.239948e-01,2.417649e-02,4.388338e+02,7.958629e-01,1.336569e-04,6.814920e-01,-1.079150e+00,-3.346335e-01,-9.887837e-01,9.771118e-02,-1.086744e+00,6.552836e-01,-9.628943e-02,-4.934528e-01,1.303774e+00,9.199880e-01,4.037281e-01,-1.813237e-03,6.107061e+01,1.236251e-01
1.485466e-03,-6.700366e+00,-3.241994e-01,7.674239e+00,-2.060276e+01,-2.504861e+01,-4.470935e+00,-1.220129e+01,-7.485496e-01,-1.458780e+01,1.348400e+01,-7.874350e+00,-4.581619e-01,2.296766e-02,4.466366e+02,7.649668e-01,8.309942e-05,6.779208e-01,-1.343884e+00,-5.130080e-01,-8.780931e-01,4.229763e-01,-4.723586e-01,1.368207e+00,1.994403e-01,-7.002848e-01,1.100536e+00,1.589272e-01,7.684938e-02,-1.571472e-03,-4.030316e+00,4.408867e-02
1.521979e-03,-5.982114e+00,-2.213785e+00,6.706991e+00,-2.155801e+01,-2.426680e+01,-4.518620e+00,-1.062884e+01,-8.544989e-01,-1.542283e+01,1.416153e+01,-8.413838e+00,-9.318765e-01,2.115443e-02,3.753353e+02,7.650264e-01,1.844133e-05,4.880878e-01,-1.200514e+00,-4.997836e-01,-5.414078e-01,5.282850e-01,-4.469137e-02,1.482535e+00,4.724888e-01,-5.773560e-01,5.055717e-01,-4.028269e-01,1.592203e-01,-1.057721e-03,-5.694839e+01,7.262289e-04
1.474463e-03,-5.666897e+00,-2.969801e+00,6.560976e+00,-2.149182e+01,-2.340817e+01,-4.153099e+00,-8.440244e+00,2.781947e-01,-1.541993e+01,1.420724e+01,-9.048539e+00,-1.420432e-02,2.024781e-02,3.044329e+02,7.661593e-01,-1.598501e-05,2.063380e-01,-8.138641e-01,-3.116339e-01,-2.325258e-01,3.764578e-01,5.565729e-02,1.118110e+00,8.102505e-01,-3.974392e-01,3.444280e-02,-8.391038e-01,3.911654e-01,-5.741919e-04,-5.911559e+01,1.023489e-02
1.439342e-03,-5.669769e+00,-3.554179e+00,6.336540e+00,-2.133874e+01,-2.330003e+01,-4.172295e+00,-8.307942e+00,1.140890e+00,-1.568100e+01,1.410861e+01,-9.878957e+00,2.501280e-01,2.024781e-02,2.251937e+02,7.988977e-01,-1.717515e-05,1.586943e-02,-4.740807e-01,-1.555306e-01,-2.399553e-01,1.008606e-01,3.377533e-02,7.059709e-01,9.833158e-01,-4.633920e-01,-2.152525e-01,-9.646921e-01,5.842620e-01,-9.066202e-05,-3.753669e+01,1.036680e-02
1.446860e-03,-5.824848e+00,-3.723323e+00,6.301295e+00,-2.187503e+01,-2.364970e+01,-4.365811e+00,-7.771193e+00,2.305008e+00,-1.644592e+01,1.368267e+01,-1.133731e+01,9.066631e-01,2.055001e-02,2.261294e+02,7.992055e-01,-4.992052e-06,-8.359060e-02,-3.551294e-01,-1.594923e-01,-4.408489e-01,-9.571972e-02,-3.681979e-02,4.640335e-01,9.021269e-01,-6.803626e-01,-4.156614e-01,-9.722864e-01,6.455812e-01,4.533092e-04,-1.532217e+01,7.340044e-03
1.449905e-03,-5.823792e+00,-4.207428e+00,6.059179e+00,-2.256618e+01,-2.364173e+01,-4.243387e+00,-7.433507e+00,3.048674e+00,-1.722680e+01,1.334755e+01,-1.209291e+01,1.529000e+00,2.055001e-02,2.268036e+02,8.003373e-01,-3.861450e-06,-1.000596e-01,-3.079613e-01,-1.106886e-01,-5.235035e-01,-9.553967e-02,-1.178127e-01,6.203915e-01,7.483578e-01,-6.688858e-01,-6.233395e-01,-8.563864e-01,6.350710e-01,1.208824e-03,4.266586e-01,1.032865e-03
1.444221e-03,-6.007839e+00,-4.418823e+00,5.902195e+00,-2.308234e+01,-2.371592e+01,-4.301651e+00,-6.557293e+00,3.834937e+00,-1.804884e+01,1.250946e+01,-1.280299e+01,2.574266e+00,2.236325e-02,2.270171e+02,8.021398e-01,-1.148223e-05,-1.546043e-01,-3.250002e-01,-2.190690e-02,-4.279383e-01,8.370857e-02,-2.877758e-01,7.069713e-01,3.331062e-01,-3.971218e-01,-7.973301e-01,-7.612861e-01,4.143789e-01,2.115443e-03,2.293243e-02,8.056521e-04
1.421354e-03,-6.078572e+00,-4.746235e+00,5.982647e+00,-2.335260e+01,-2.374462e+01,-4.793438e+00,-5.812934e+00,4.117714e+00,-1.822397e+01,1.157852e+01,-1.342805e+01,2.591682e+00,2.538531e-02,2.268831e+02,8.025950e-01,-1.948621e-05,-2.064402e-01,-2.768955e-01,1.811799e-01,-2.509773e-01,4.335983e-01,-4.528993e-01,8.700181e-01,-1.688577e-01,1.116432e-01,-7.246881e-01,-7.099519e-01,1.104042e-02,2.447870e-03,-4.618424e-01,-1.017094e-04
1.403724e-03,-6.470479e+00,-5.078920e+00,6.230026e+00,-2.362151e+01,-2.317972e+01,-5.529665e+00,-5.046623e+00,3.436019e+00,-1.793294e+01,1.058054e+01,-1.447617e+01,2.447217e+00,2.870958e-02,2.262043e+02,8.021049e-01,-2.227342e-05,-1.913169e-01,-2.074691e-01,3.973422e-01,-1.744061e-02,9.130381e-01,-4.339302e-01,8.134750e-01,-6.735336e-01,7.087696e-01,-2.391670e-01,-5.283364e-01,-4.288225e-01,1.934119e-03,-9.525909e-01,-1.497245e-03
1.372723e-03,-6.624672e+00,-5.261857e+00,6.801163e+00,-2.355148e+01,-2.174184e+01,-5.893877e+00,-3.838752e+00,2.403844e+00,-1.672653e+01,1.068857e+01,-1.480608e+01,1.647727e+00,2.961620e-02,2.249008e+02,7.998461e-01,-1.721708e-05,-1.901466e-01,-3.737464e-02,5.664446e-01,1.696789e-01,1.080334e+00,-3.415344e-01,6.560536e-01,-9.116827e-01,9.401641e-01,3.794788e-01,-3.900305e-01,-4.224574e-01,1.087942e-03,-1.367337e+00,-2.658957e-03
1.357170e-03,-6.691373e+00,-5.198358e+00,7.479649e+00,-2.307010e+01,-2.015212e+01,-5.921083e+00,-3.477010e+00,1.324205e+00,-1.525371e+01,1.175860e+01,-1.475566e+01,9.021309e-01,2.991840e-02,2.232453e+02,7.960280e-01,-9.752112e-06,-1.717966e-01,1.461756e-01,5.691851e-01,1.913166e-01,8.880571e-01,-2.852210e-01,2.560266e-01,-1.006183e+00,7.442663e-01,8.235019e-01,-2.059734e-01,-1.986824e-01,4.230883e-04,-1.586409e+00,-3.566468e-03
1.358546e-03,-6.918858e+00,-4.873390e+00,8.190059e+00,-2.277991e+01,-1.985675e+01,-6.305401e+00,-3.317473e+00,6.152080e-01,-1.486276e+01,1.288688e+01,-1.523846e+01,1.251938e+00,3.022061e-02,2.215259e+02,7.923387e-01,-4.271197e-06,-2.124264e-01,2.678766e-01,4.488319e-01,3.910656e-02,4.509144e-01,-3.362300e-01,-3.024464e-02,-8.404315e-01,1.909011e-01,8.051966e-01,-2.340798e-01,3.083101e-01,1.208827e-04,-1.616006e+00,-3.817373e-03
1.362052e-03,-7.182370e+00,-4.542276e+00,8.381504e+00,-2.305071e+01,-1.968198e+01,-6.750008e+00,-4.027130e+00,-7.005797e-01,-1.514349e+01,1.359890e+01,-1.528985e+01,1.651699e+00,3.052282e-02,2.199597e+02,7.880263e-01,-1.078544e-05,-3.022907e-01,2.835385e-01,2.594399e-01,-1.832291e-01,9.633388e-02,-3.453397e-01,1.759707e-01,-5.647994e-01,-2.327894e-01,1.975454e-01,-2.479334e-01,3.824112e-01,-1.511030e-04,-1.576019e+00,-4.022682e-03
1.348926e-03,-7.441306e+00,-4.250515e+00,8.594395e+00,-2.336564e+01,-1.972234e+01,-7.160564e+00,-3.714915e+00,-7.859213e-01,-1.582714e+01,1.379441e+01,-1.570938e+01,2.814493e+00,2.991840e-02,2.184635e+02,7.847601e-01,-2.888916e-05,-3.663508e-01,8.872609e-02,1.404060e-01,-1.224644e-01,2.117848e-01,-1.597128e-01,6.483033e-01,-1.455320e-01,-1.764688e-01,-6.148636e-01,-1.877753e-01,-2.739085e-02,-6.044116e-05,-1.485721e+00,-4.080606e-03
1.308053e-03,-7.941603e+00,-4.092103e+00,8.574680e+00,-2.369338e+01,-1.973765e+01,-7.220200e+00,-2.398435e+00,-7.992279e-01,-1.593547e+01,1.229256e+01,-1.575986e+01,2.032909e+00,2.931399e-02,2.168964e+02,7.797039e-01,-5.254012e-05,-3.826090e-01,-1.732189e-01,1.516940e-01,3.015446e-01,2.821135e-01,-1.358979e-01,1.047118e+00,2.908735e-01,2.326362e-01,-1.330026e+00,1.249462e-01,-6.736667e-01,6.648541e-04,-1.358063e+00,-3.521860e-03
1.241099e-03,-8.370996e+00,-4.654846e+00,8.795501e+00,-2.307090e+01,-1.876999e+01,-6.868869e+00,-8.903039e-01,-6.312802e-02,-1.534912e+01,1.046573e+01,-1.594233e+01,9.243782e-01,3.052282e-02,2.156290e+02,7.760969e-01,-8.884350e-05,-1.220018e-01,-5.155528e-01,4.414196e-02,1.094638e+00,3.255388e-01,-5.148680e-01,5.231595e-01,7.496883e-01,7.292856e-01,-1.849143e+00,6.514801e-01,-8.856665e-01,1.450590e-03,-1.536735e+01,-5.421666e-02
1.153264e-03,-8.630569e+00,-5.206205e+00,9.039421e+00,-2.169036e+01,-1.874759e+01,-7.575345e+00,-2.038448e-01,3.923910e-01,-1.421932e+01,8.613103e+00,-1.454865e+01,-7.715768e-01,3.354488e-02,2.145867e+02,7.747486e-01,-1.401701e-04,5.390319e-01,-6.240708e-01,-3.377961e-01,1.953697e+00,4.709206e-01,-1.163914e+00,-4.377966e-01,1.045748e+00,1.216757e+00,-2.038310e+00,7.559630e-01,-3.829815e-01,1.118163e-03,-3.641222e+01,-1.302446e-01
9.821024e-04,-7.706831e+00,-6.271227e+00,8.582734e+00,-1.889396e+01,-1.858968e+01,-9.557332e+00,-2.196413e+00,2.366710e+00,-1.303878e+01,6.388420e+00,-1.305759e+01,-2.115964e-01,3.505591e-02,1.427817e+02,5.161543e-01,-1.907772e-04,1.309296e+00,-2.595505e-01,-6.207805e-01,2.537617e+00,4.533258e-01,-1.054119e+00,-1.081248e+00,4.373756e-01,1.221787e+00,-1.924399e+00,8.099159e-01,-3.014720e-01,-9.368394e-04,-5.745856e+01,-2.068490e-01
7.367005e-04,-5.578526e+00,-6.404266e+00,6.992083e+00,-1.601337e+01,-1.747320e+01,-1.169554e+01,-3.934364e+00,3.214591e+00,-1.100685e+01,4.139673e+00,-1.342242e+01,6.859892e-01,3.263826e-02,7.125896e+01,2.584521e-01,-2.069755e-04,1.766503e+00,5.373749e-01,-7.847654e-01,2.448904e+00,5.396149e-01,-2.256829e-01,-1.251197e+00,-1.053975e+00,1.229806e+00,-1.138154e+00,5.566155e-01,-8.578175e-01,-3.354488e-03,-5.719550e+01,-2.065652e-01
4.954954e-04,-3.350538e+00,-5.353568e+00,6.715267e+00,-1.322131e+01,-1.714055e+01,-1.007937e+01,-4.431285e+00,7.126501e-01,-1.084642e+01,3.080451e+00,-1.245587e+01,-1.311765e+00,2.629193e-02,0,0,-1.661219e-04,1.549587e+00,1.408821e+00,-5.271853e-01,1.848015e+00,5.397377e-02,7.473885e-01,-8.762628e-01,-2.739537e+00,8.763850e-01,1.629861e-01,8.547829e-01,-1.666784e+00,-4.351768e-03,-3.568223e+01,-1.290761e-01
3.616902e-04,-1.976201e+00,-2.978160e+00,6.049327e+00,-1.228216e+01,-1.677408e+01,-8.442742e+00,-5.342392e+00,-4.050453e+00,-9.166474e+00,4.576315e+00,-1.206643e+01,-4.510581e+00,2.115443e-02,0,0,-9.991138e-05,9.325383e-01,1.674223e+00,-5.187059e-01,1.180284e+00,-3.229729e-01,8.690215e-01,-5.221106e-01,-2.782255e+00,8.326335e-01,8.066868e-01,1.030279e+00,-1.604045e+00,-2.780296e-03,-1.425179e+01,-5.169043e-02
3.389982e-04,-1.760061e+00,-9.401751e-01,6.418186e+00,-1.151949e+01,-1.866937e+01,-7.446789e+00,-5.873713e+00,-7.698454e+00,-9.577046e+00,6.985029e+00,-9.461667e+00,-5.947233e+00,1.903898e-02,0,0,-4.456038e-05,4.821445e-01,1.294982e+00,-8.800865e-01,6.141737e-01,-1.746635e-01,4.404864e-01,-1.810012e-01,-1.393637e+00,9.095241e-01,8.133270e-01,6.066207e-01,-6.590161e-01,6.044134e-05,0,0
3.153922e-04,-1.711073e+00,-2.398473e-01,4.547094e+00,-1.096286e+01,-1.832366e+01,-8.666722e+00,-5.823703e+00,-6.491133e+00,-7.478369e+00,6.220818e+00,-9.768121e+00,-5.016499e+00,2.236325e-02,0,0,-2.289041e-05,3.305456e-01,5.485319e-01,-1.058035e+00,3.805974e-01,4.156668e-01,3.574901e-01,-4.416108e-02,2.276116e-01,8.800625e-01,3.862577e-02,-1.134319e-02,1.982445e-01,2.085222e-03,0,0
2.958425e-04,-1.072380e+00,-2.478148e-01,3.065951e+00,-1.081009e+01,-1.723908e+01,-7.764944e+00,-5.095636e+00,-5.035197e+00,-7.142849e+00,6.324834e+00,-1.057192e+01,-4.353886e+00,2.598973e-02,0,0,-1.914372e-05,3.526530e-01,-8.443034e-02,-1.093419e+00,1.023097e-01,1.266649e+00,2.879961e-01,-9.048267e-02,9.143544e-01,7.926583e-01,-3.319456e-01,-7.591661e-01,5.558772e-02,1.783016e-03,0,0
2.688160e-04,-6.673136e-01,-5.816807e-01,2.435270e+00,-1.073387e+01,-1.541089e+01,-6.496214e+00,-5.952236e+00,-4.244024e+00,-5.983261e+00,5.099542e+00,-1.156802e+01,-4.316031e+00,2.810517e-02,0,0,8.136732e-07,1.667778e-01,-7.746190e-01,-6.289867e-01,-8.312206e-02,1.340671e+00,-2.172463e-01,-1.303947e-01,9.940508e-01,4.278041e-01,-8.570834e-01,-6.920854e-01,5.267332e-01,9.368388e-04,0,0
2.665678e-04,-5.186755e-01,-1.191410e+00,2.007000e+00,-1.112243e+01,-1.379251e+01,-7.092062e+00,-6.261859e+00,-4.250237e+00,-6.361309e+00,5.885939e+00,-1.235755e+01,-6.019528e+00,2.508310e-02,0,0,4.129944e-05,-3.810728e-01,-1.501306e+00,-2.564773e-01,-4.255020e-01,9.187075e-01,-1.045691e+00,5.012128e-01,1.659076e+00,1.614413e-01,-1.577937e+00,-5.633389e-01,1.415344e+00,1.511030e-03,0,0
3.340980e-04,-1.154036e+00,-3.641145e+00,1.931636e+00,-1.122231e+01,-1.334359e+01,-1.008939e+01,-5.892565e+00,-1.913359e+00,-5.730119e+00,2.154848e+00,-1.233573e+01,-1.550012e+00,2.750076e-02,0,0,9.460768e-05,-9.159233e-01,-1.991532e+00,1.937266e-01,-9.409006e-01,1.891275e-01,-1.243797e+00,1.484528e+00,2.489339e+00,-4.335713e-01,-1.880399e+00,-4.123102e-01,2.846054e+00,4.200665e-03,0,0
4.696987e-04,-2.734383e+00,-6.224614e+00,2.035382e+00,-1.269339e+01,-1.367920e+01,-1.119681e+01,-2.619407e+00,2.094852e+00,-6.462214e+00,-9.250271e-02,-1.300476e+01,1.339826e+00,3.384708e-02,0,0,1.258203e-04,-1.274158e+00,-1.706440e+00,7.001549e-01,-1.277421e+00,-3.584660e-01,-3.286856e-01,2.135576e+00,2.795293e+00,-1.343711e+00,-1.283227e+00,-2.892658e-01,2.972051e+00,6.557872e-03,0,0
6.402889e-04,-4.139077e+00,-8.022739e+00,3.389712e+00,-1.465290e+01,-1.452191e+01,-1.066283e+01,-3.508208e-01,5.030128e+00,-8.100665e+00,-1.313230e+00,-1.330597e+01,6.234560e+00,4.472650e-02,0,0,1.169974e-04,-1.114832e+00,-7.694344e-01,9.707493e-01,-1.190267e+00,-5.425733e-01,5.161176e-01,1.943965e+00,2.391082e+00,-2.113578e+00,4.149574e-01,-2.551056e-01,1.565856e+00,5.893018e-03,0,0
7.425738e-04,-5.396945e+00,-7.532814e+00,4.778737e+00,-1.579424e+01,-1.499568e+01,-8.448774e+00,1.645149e+00,6.254486e+00,-1.189459e+01,1.203843e+00,-1.331876e+01,4.948441e+00,4.925959e-02,0,0,7.566215e-05,-7.052753e-01,9.085584e-02,7.739878e-01,-5.525393e-01,-4.318385e-01,5.706314e-01,7.938739e-01,1.922546e+00,-2.167857e+00,1.593022e+00,-2.423184e-01,4.222926e-01,2.447870e-03,0,0
7.826476e-04,-5.396915e+00,-6.834217e+00,5.413705e+00,-1.562321e+01,-1.539821e+01,-8.882823e+00,1.694980e+00,7.962236e+00,-1.358182e+01,3.581462e+00,-1.345426e+01,4.474962e+00,4.925959e-02,0,0,2.618691e-05,-3.115183e-01,5.203669e-01,2.784905e-01,1.347340e-01,-4.298102e-01,3.769694e-02,-5.037141e-02,1.884560e+00,-1.640748e+00,2.013723e+00,-1.907585e-01,-5.066884e-01,-1.994560e-03,0,0
7.768301e-04,-5.631840e+00,-6.364596e+00,4.893324e+00,-1.497093e+01,-1.540024e+01,-9.233651e+00,3.270620e-01,1.024153e+01,-1.456092e+01,5.425260e+00,-1.414220e+01,4.331089e+00,4.381989e-02,0,0,-7.620588e-06,-4.595094e-02,5.566680e-01,-2.927941e-01,5.116450e-01,-4.887673e-01,-3.672523e-01,-5.936799e-01,1.835040e+00,-8.703088e-01,1.489225e+00,2.262950e-01,-2.110222e-01,-4.865518e-03,0,0
7.540953e-04,-5.579220e+00,-6.005014e+00,4.724871e+00,-1.439089e+01,-1.646868e+01,-1.008190e+01,5.636560e-02,1.245941e+01,-1.497124e+01,6.644678e+00,-1.384804e+01,4.009794e+00,3.747356e-02,0,0,-2.301487e-05,3.742604e-02,6.018111e-01,-5.978020e-01,5.517582e-01,-5.804598e-01,-1.560640e-01,-5.119532e-01,1.352863e+00,-5.430251e-01,9.150213e-01,1.015596e+00,-3.909507e-02,-5.711696e-03,0,0
7.187470e-04,-5.535547e+00,-5.164075e+00,3.659183e+00,-1.385218e+01,-1.690428e+01,-9.685496e+00,-5.039435e-01,1.318110e+01,-1.555143e+01,7.118362e+00,-1.199040e+01,4.125914e+00,3.082502e-02,0,0,-2.469152e-05,1.363050e-01,6.053646e-01,-6.960219e-01,4.506224e-01,-4.436424e-01,1.451944e-01,-2.844931e-01,6.681892e-01,-2.799439e-01,4.600228e-01,1.622561e+00,1.502691e-01,-4.714415e-03,0,0
6.966149e-04,-5.257932e+00,-4.425421e+00,3.041765e+00,-1.342380e+01,-1.754849e+01,-9.437221e+00,-4.492830e-01,1.325676e+01,-1.580169e+01,7.310017e+00,-9.452186e+00,4.382074e+00,2.719855e-02,0,0,-1.805994e-05,1.361110e-01,4.791396e-01,-6.344624e-01,3.029877e-01,-1.393993e-01,3.359241e-01,-2.136525e-01,1.451469e-01,-1.142332e-01,1.770396e-01,1.500449e+00,2.543380e-01,-2.961619e-03,0,0
6.821128e-04,-5.110959e+00,-4.127569e+00,2.254767e+00,-1.320136e+01,-1.707854e+01,-8.830020e+00,-8.425792e-01,1.318379e+01,-1.554541e+01,7.392704e+00,-8.227326e+00,4.896294e+00,2.538531e-02,0,0,-8.777063e-06,9.961481e-02,2.370864e-01,-3.595830e-01,1.524082e-01,1.214142e-02,2.318153e-01,-1.070568e-01,-6.758213e-03,2.683086e-02,6.313715e-02,8.750998e-01,2.054979e-01,-1.269265e-03,0,0
